idx,y_pred,y_true,residual,fold
0,4.617877066983996,5.698970004336019,1.0810929373520226,9
1,4.556833156416877,2.903089986991944,-1.6537431694249327,9
2,5.193820438589071,2.9542425094393248,-2.2395779291497466,9
3,5.663475805295014,3.90848501887865,-1.7549907864163639,9
4,5.0880044998905065,3.322219294733919,-1.7657852051565874,9
5,5.501119559639794,5.301029995663981,-0.2000895639758129,9
6,5.362196579165306,4.086359830674748,-1.2758367484905575,9
7,5.234934603636217,5.954242509439325,0.7193079058031078,9
8,5.539567378672346,3.949390006644913,-1.590177372027433,9
9,4.925819049991024,5.742725131304698,0.8169060813136735,9
10,4.264974835336143,3.661812685537261,-0.6031621497988819,9
11,5.084315268058077,3.505149978319906,-1.5791652897381714,9
12,4.8951769857862155,5.0948203803548,0.19964339456858404,9
13,4.9036537322384,3.397940008672037,-1.505713723566363,9
14,5.327838183472997,3.832508912706236,-1.4953292707667605,9
15,5.384310774249305,5.6020599913279625,0.2177492170786577,9
16,4.8098473954172976,5.238046103128795,0.4281987077114975,9
17,3.995630639251598,3.0791812460476247,-0.9164493932039735,9
18,4.023268830721544,3.823474229170301,-0.19979460155124285,9
19,4.7996550443350685,3.838849090737255,-0.9608059535978133,9
20,4.835025586517462,3.505149978319906,-1.3298756081975562,9
21,5.278311800412633,6.041392685158225,0.7630808847455928,9
22,5.253965452270161,3.8813846567705728,-1.3725807954995881,9
23,5.075032451460046,5.576341350205793,0.501308898745747,9
24,6.1981919789366815,6.3979400086720375,0.199748029735356,9
25,6.385919032900274,6.707570176097937,0.32165114319766275,9
26,6.2999257426754065,6.3979400086720375,0.09801426599663099,9
27,6.252982831093049,6.558708570533166,0.30572573944011694,9
28,6.252982831093049,6.107549129744687,-0.1454337013483622,9
29,5.341944689452501,4.193681029541281,-1.14826365991122,9
30,5.768048009682571,5.929418925714293,0.16137091603172227,9
31,6.331289505177576,6.531478917042255,0.2001894118646792,9
32,6.215027291346512,6.414973347970818,0.19994605662430587,9
33,6.172951297193168,6.372912002970106,0.19996070577693814,9
34,6.03219189062454,6.325843928293292,0.2936520376687515,9
35,6.800170898300994,7.0,0.19982910169900592,9
36,6.674856067198818,6.8750612633917,0.2002051961928819,9
37,6.5276680457580145,6.835056101720117,0.30738805596210206,9
38,6.819102779950461,7.079181246047625,0.26007846609716445,9
39,4.508874729670949,4.072984744627931,-0.43588998504301824,9
40,5.313682937333601,5.113943352306837,-0.19973958502676403,9
41,5.0221103319046945,5.096910013008056,0.07479968110336177,9
42,5.142542238203147,5.342422680822207,0.1998804426190599,9
43,6.040737404061691,6.2405492482826,0.19981184422090958,9
44,4.5296589511227765,5.278753600952829,0.7490946498300524,9
45,6.2099148528195025,6.2552725051033065,0.04535765228380395,9
46,5.211221236400282,5.023540521554854,-0.1876807148454276,9
47,5.9577505893830045,6.313867220369153,0.35611663098614876,9
48,6.095540612688916,6.361727836017593,0.26618722332867684,9
49,6.251807284107472,6.649334858712142,0.3975275746046698,9
50,6.111696582816051,6.041392685158225,-0.07030389765782541,9
51,5.638943814035393,5.901294817165567,0.2623510031301741,9
52,5.086890621476971,6.447158031342219,1.3602674098652487,9
53,5.867725313019009,4.681241237375588,-1.1864840756434214,9
54,5.886200390951671,5.81504617606463,-0.07115421488704055,9
55,5.360877736774283,4.992818520066679,-0.36805921670760355,9
56,3.6805369049554524,3.204119982655925,-0.47641692229952737,9
57,5.979486535814305,6.8750612633917,0.8955747275773955,9
58,6.523436988889213,6.8909795969896885,0.3675426081004751,9
59,6.051051057561961,6.0,-0.05105105756196071,9
60,4.406290554424422,4.5003737143533735,0.09408315992895133,9
61,5.9627556939938575,6.3979400086720375,0.43518431467818,9
62,6.586092876385066,6.447158031342219,-0.13893484504284626,9
63,5.66645306460083,7.267171728403014,1.6007186638021835,9
64,5.760241863772537,5.045714058940868,-0.7145278048316683,9
65,6.030539132987431,6.230448921378274,0.19990978839084317,9
66,5.128557118058086,4.127104798364807,-1.0014523196932785,9
67,5.8003177431484545,6.0,0.1996822568515455,9
68,6.217099040874723,5.715167357848458,-0.5019316830262657,9
69,5.862698490306032,6.024046225131059,0.16134773482502673,9
70,3.0755527225221235,3.645422269349092,0.5698695468269683,9
71,4.434267077590663,3.146128035678238,-1.2881390419124248,9
72,3.0755527225221235,2.8750612633917,-0.20049145913042343,9
73,3.919067591622965,3.3010299956639813,-0.6180375959589837,9
74,4.388985546814586,3.3138672203691533,-1.0751183264454331,9
75,4.623684389485434,5.905795880367869,1.2821114908824347,9
76,4.4763891344343065,2.6989700043360187,-1.7774191300982878,9
77,3.7188447010680132,4.146128035678238,0.42728333461022494,9
78,3.6704971570264746,3.2430380486862944,-0.4274591083401802,9
79,3.363208194757111,2.6532125137753435,-0.7099956809817676,9
80,4.098007560536924,2.1089031276673134,-1.989104432869611,9
81,4.04955830968092,3.7781512503836434,-0.2714070592972768,9
82,4.04955830968092,3.3010299956639813,-0.748528314016939,9
83,4.199691788576181,3.0,-1.1996917885761809,9
84,4.7653506976549185,4.431363764158987,-0.33398693349593156,9
85,4.6234916441725815,4.423245873936808,-0.2002457702357736,9
86,4.30862599744415,4.431363764158987,0.12273776671483727,9
87,4.107540088255468,5.544068044350276,1.4365279560948077,9
88,4.49552363935313,3.0,-1.49552363935313,9
89,5.448141506208731,3.1583624920952498,-2.289779014113481,9
90,3.8615920636699452,2.740362689494244,-1.1212293741757011,9
91,4.123032291380893,3.6232492903979,-0.4997830009829931,9
92,6.006785924038531,5.375092713083399,-0.6316932109551319,9
93,6.316123382614974,6.361727836017593,0.04560445340261943,9
94,6.2099148528195025,6.409933123331294,0.20001827051179166,9
95,6.677327268050512,6.477121254719663,-0.20020601333084898,9
96,6.481306472167337,7.021189299069938,0.539882826902601,9
97,5.022876117271537,3.413299764081252,-1.6095763531902847,9
98,6.310615919869657,6.0,-0.3106159198696572,9
99,6.540354170551045,6.740362689494244,0.20000851894319904,9
100,6.298919597041832,6.099231615080882,-0.19968798196094983,9
101,6.356140649577176,6.431363764158987,0.07522311458181097,9
102,6.51891765709814,4.6464037262230695,-1.872513930875071,9
103,6.342662972253065,6.142702245737616,-0.1999607265154495,9
104,6.252512611381056,6.431363764158987,0.17885115277793062,9
105,6.057279261085286,6.19258417809083,0.13530491700554403,9
106,6.298473014039402,6.950851458888547,0.6523784448491448,9
107,6.2945302289168,4.819543935541868,-1.4749862933749318,9
108,6.294430459316673,4.716504163773217,-1.577926295543456,9
109,6.412909061590478,6.612783856719736,0.19987479512925876,9
110,6.124469750633828,5.7160033436348,-0.40846640699902803,9
111,6.120931079333657,6.3979400086720375,0.27700892933838084,9
112,6.017126795340765,6.077258863692948,0.06013206835218288,9
113,6.4149880634292415,6.614897216033135,0.19990915260389386,9
114,5.427708574450202,5.00902574208691,-0.4186828323632916,9
115,6.201778182609553,6.477121254719663,0.27534307211010933,9
116,5.9820143888755775,4.862250674597925,-1.1197637142776529,9
117,5.78365037320722,6.466867620354109,0.6832172471468887,9
118,5.817958759570123,5.188084373714938,-0.6298743858551852,9
119,6.0527193601306735,6.079181246047625,0.026461885916951644,9
120,6.218020181016121,6.146128035678238,-0.07189214533788313,9
121,5.91366734201141,5.326335860928752,-0.587331481082658,9
122,5.833761037227163,6.768638101247615,0.9348770640204522,9
123,5.999951959883601,5.48572142648158,-0.5142305334020216,9
124,5.998075368521465,5.507072896756503,-0.49100247176496215,9
125,6.039635675709278,5.08361010516231,-0.9560255705469682,9
126,6.067253101275397,6.156851901070011,0.08959879979461416,9
127,6.468443843167783,5.676693609624866,-0.791750233542917,9
128,6.71695426096086,7.252853030979893,0.535898770019033,9
129,6.499140318172126,6.301029995663981,-0.19811032250814442,9
130,6.407547940096887,6.477121254719663,0.06957331462277594,9
131,6.2480341858882555,6.361727836017593,0.11369365012933752,9
132,5.879142873675717,6.079181246047625,0.2000383723719077,9
133,5.784198469841365,4.396199347095736,-1.3879991227456285,9
134,6.026962659605494,6.14705767102836,0.12009501142286627,9
135,6.040736163675758,5.643551368562945,-0.3971847951128131,9
136,5.802101820901963,6.016197353512439,0.2140955326104761,9
137,6.0376242534660785,6.146128035678238,0.10850378221215973,9
138,5.740467982365298,6.0,0.2595320176347018,9
139,5.476976298197293,4.113943352306837,-1.3630329458904562,9
140,6.618311743638512,7.276921132065774,0.6586093884272621,9
141,5.994607257046291,4.819543935541868,-1.1750633215044228,9
142,7.283848651889195,7.483587296968894,0.19973864507969896,9
143,7.082004964659252,8.041392685158225,0.9593877204989729,9
144,7.277352882799381,7.477121254719663,0.19976837192028185,9
145,6.323017179686331,6.479393896404411,0.1563767167180803,9
146,7.259512657094946,7.477121254719663,0.21760859762471618,9
147,6.3493398143125495,6.3979400086720375,0.048600194359488036,9
148,6.168121587189281,6.113943352306837,-0.05417823488244444,9
149,6.401535448524095,6.201397124320452,-0.20013832420364341,9
150,6.528775885818927,6.986771734266245,0.4579958484473181,9
151,6.510739755797449,6.474216264076255,-0.0365234917211934,9
152,6.410403580935838,6.004136436761356,-0.40626714417448184,9
153,6.2770784431081035,6.477121254719663,0.20004281161155912,9
154,6.439040647049641,6.434888120867316,-0.004152526182324756,9
155,7.088338443163439,8.122543524068755,1.0342050809053163,9
156,6.264322472868747,6.281033367247727,0.016710894378980434,9
157,6.153471371044921,5.953421399681036,-0.20004997136388436,9
158,6.012836953768431,6.518513939877887,0.5056769861094557,9
159,6.356698316284168,6.556423121371285,0.19972480508711676,9
160,6.442801766718431,6.348304863048161,-0.09449690367027053,9
161,1.5425066055231964,1.954242509439325,0.4117359039161286,9
162,2.297569126661849,2.6020599913279625,0.3044908646661133,9
163,3.320980668267528,1.3010299956639813,-2.0199506726035468,9
164,2.4474266354188985,1.9549175537349588,-0.4925090816839397,9
165,5.053198720496422,2.0,-3.0531987204964217,9
166,4.947950660769329,2.146128035678238,-2.8018226250910905,9
167,4.917950180125027,3.164352855784437,-1.75359732434059,9
168,3.8013037410006336,1.390935107103379,-2.4103686338972548,9
169,4.029925140098801,2.9552065375419416,-1.0747186025568598,9
170,3.6076498028206556,3.562292864456474,-0.04535693836418142,9
171,3.2055059909542942,1.9268567089496924,-1.2786492820046018,9
172,4.5942617921720625,2.8512583487190755,-1.743003443452987,9
173,3.562327823672337,2.0,-1.5623278236723368,9
174,5.465249773651326,3.539452491549461,-1.9257972821018652,9
175,3.2484062212245837,1.380211241711606,-1.8681949795129777,9
176,2.8343964661643577,2.273232834043045,-0.5611636321213127,9
177,2.7796305929217486,2.57978359661681,-0.19984699630493852,9
178,2.92912409417508,0.6334684555795865,-2.2956556385954934,9
179,5.879578351709286,6.079181246047625,0.199602894338339,9
180,5.211221236400282,5.023951707423388,-0.18726952897689397,9
181,5.879578351709286,6.2322335211147335,0.3526551694054474,9
182,5.785974737233962,6.302547372487486,0.5165726352535236,9
183,5.661834730266675,4.598571663482141,-1.0632630667845344,9
184,4.890174634795546,4.812913356642856,-0.07726127815269024,9
185,4.529068348852707,3.562292864456474,-0.9667754843962331,9
186,4.864895192513149,5.782472624166286,0.9175774316531369,9
187,5.4123166084670125,6.054957596012407,0.6426409875453949,9
188,5.329551598729119,6.15124723746237,0.8216956387332512,9
189,5.054648068133314,3.9036325160842376,-1.1510155520490768,9
190,4.679196090863256,4.892762234615817,0.2135661437525611,9
191,5.740379866535193,7.068185861746161,1.3278059952109684,9
192,4.423745531381122,3.4800069429571505,-0.9437385884239711,9
193,4.648994660399243,4.336459733848529,-0.3125349265507138,9
194,5.760176635340946,5.0,-0.7601766353409456,9
195,5.976372492913752,6.0,0.023627507086247945,9
196,3.4465300883011207,5.445604203273597,1.9990741149724767,9
197,2.4474266354188985,1.7781512503836436,-0.6692753850352549,9
198,3.550558500060426,2.400537989391946,-1.15002051066848,9
199,4.366579263281891,3.0,-1.3665792632818912,9
200,4.781013935896752,3.653212513775344,-1.1278014221214079,9
201,5.349596628128072,5.14921911265538,-0.20037751547269256,9
202,3.2295642079200224,4.101747073946366,0.8721828660263435,9
203,5.887468970902957,6.2552725051033065,0.36780353420034917,9
204,5.322533740814922,6.361727836017593,1.0391940952026708,9
205,6.221431348078032,6.421603926869831,0.20017257879179873,9
206,6.308995311237379,6.113943352306837,-0.1950519589305424,9
207,6.354951815990349,6.313867220369153,-0.041084595621195596,9
208,6.222223152799125,6.544068044350276,0.3218448915511507,9
209,6.343705654619502,6.544068044350276,0.20036238973077403,9
210,6.066688664619562,6.187520720836463,0.12083205621690052,9
211,6.291236532542329,6.526985068559996,0.23574853601766677,9
212,6.435785735651322,6.1003705451175625,-0.3354151905337597,9
213,5.092854648900692,5.806179973983888,0.7133253250831961,9
214,5.77563594609557,5.093421685162235,-0.6822142609333355,9
215,5.594425298596214,3.963787827345555,-1.6306374712506586,9
216,5.590553108320309,6.0751453270538525,0.4845922187335434,9
217,6.741898716879767,7.146128035678238,0.4042293187984711,9
218,6.198249625173264,4.792391689498253,-1.4058579356750114,9
219,6.737165789646026,6.863322860120456,0.12615707047442992,9
220,6.214737284056939,6.531478917042255,0.3167416329853161,9
221,6.264559354498843,4.472024697700282,-1.7925346567985612,9
222,5.743277658593709,5.315970345456917,-0.42730731313679193,9
223,6.08375996084168,6.266114049531676,0.18235408868999592,9
224,3.8642862743147193,3.397940008672037,-0.4663462656426822,9
225,6.4865918943527525,6.539076098792776,0.052484204440023774,9
226,6.9265703371586795,6.342817314635733,-0.5837530225229468,9
227,3.5609974149262005,2.0791812460476247,-1.4818161688785758,9
228,5.3034122574696925,5.202352067809752,-0.10106018965994057,9
229,6.3687744283467245,6.409764104266346,0.04098967591962133,9
230,6.398369608191909,6.477121254719663,0.07875164652775357,9
231,6.435785735651322,6.45071087814692,0.014925142495597399,9
232,6.440654743409179,6.60422605308447,0.16357130967529088,9
233,6.456298335246944,6.187520720836463,-0.26877761441048165,9
234,6.3872963272478,6.278753600952829,-0.10854272629497075,9
235,6.448519825792152,6.518513939877887,0.06999411408573497,9
236,6.196465139985673,4.342422680822207,-1.854042459163466,9
237,6.186582561525768,5.651762447380111,-0.5348201141456563,9
238,6.033510453677799,6.301969226865995,0.268458773188196,9
239,6.252104453840827,5.983175072037813,-0.26892938180301407,9
240,6.384057795628928,6.587710965018911,0.203653169389983,9
241,6.384057795628928,6.5843312243675305,0.2002734287386021,9
242,5.470831791199574,5.229425847920695,-0.24140594327887843,9
243,5.886140807114669,6.136720567156407,0.2505797600417381,9
244,6.423704993415142,5.0,-1.423704993415142,9
245,6.361408754548004,6.531478917042255,0.17007016249425178,9
246,6.080558594776906,4.292256071356476,-1.7883025234204295,9
247,6.480108894877714,6.371067862271736,-0.10904103260597786,9
248,5.984978390679377,6.305351369446623,0.3203729787672467,9
249,6.423704993415142,6.477121254719663,0.053416261304520596,9
250,6.69418464083167,6.894105511777515,0.19992087094584488,9
251,6.112529360097891,6.477121254719663,0.3645918946217712,9
252,5.550712081529069,6.530839778616521,0.9801276970874522,9
253,6.456298335246944,6.3979400086720375,-0.058358326574906805,9
254,6.113516817078159,5.681241237375588,-0.432275579702571,9
255,6.285172383378821,6.5910646070265,0.3058922236476791,9
256,6.324413546460669,7.074450718954592,0.7500371724939239,9
257,6.2770873683569715,6.486487153065907,0.2093997847089355,9
258,6.251309839813116,5.549003262025788,-0.7023065777873283,9
259,5.990332420600911,6.190331698170292,0.19999927756938085,9
260,6.381478598062837,6.196728722623287,-0.18474987543955024,9
261,6.285599297140414,4.968482948553935,-1.3171163485864792,9
262,6.083510859758511,6.568201724066995,0.48469086430848396,9
263,6.0588411447896995,4.913813852383717,-1.1450272924059828,9
264,6.423704993415142,6.207580514765431,-0.21612447864971074,9
265,6.456298335246944,6.225309281725863,-0.230989053521081,9
266,5.92673962561777,6.491361693834273,0.5646220682165035,9
267,6.435785735651322,6.230448921378274,-0.20533681427304806,9
268,6.210758177491089,6.361727836017593,0.15096965852650435,9
269,6.293451530076685,5.089905111439398,-1.2035464186372868,9
270,6.226264055275312,6.426511261364575,0.20024720608926305,9
271,5.923832461125186,6.095029796648452,0.17119733552326633,9
272,6.4227084961961785,6.223080397831155,-0.19962809836502338,9
273,6.2565585402525,6.456366033129043,0.19980749287654298,9
274,5.648667140864128,5.802773725291976,0.15410658442784797,9
275,5.743277658593709,6.3979400086720375,0.6546623500783282,9
276,5.957009209424804,5.603642280263075,-0.3533669291617292,9
277,6.006589739835496,6.20682587603185,0.20023613619635405,9
278,6.142588351707226,6.342422680822207,0.19983432911498067,9
279,5.460820531079469,6.301029995663981,0.840209464584512,9
280,5.687921555950612,6.505149978319906,0.8172284223692943,9
281,5.8627240020096165,6.176091259055681,0.31336725704606483,9
282,6.273718914792346,7.1003705451175625,0.8266516303252169,9
283,5.831658205438763,5.836197480778925,0.0045392753401625185,9
284,5.44972672166043,6.054708787938054,0.604982066277624,9
285,6.228113251785393,6.477121254719663,0.2490080029342696,9
286,5.916957449048625,6.133644275865875,0.21668682681725038,9
287,6.080558594776906,6.32221929473392,0.24166069995701456,9
288,6.080558594776906,5.880813592280791,-0.1997450024961145,9
289,5.437252300556648,6.477121254719663,1.0398689541630146,9
290,5.79877090383938,6.02530586526477,0.22653496142538998,9
291,5.3191962895616065,5.477121254719663,0.1579249651580561,9
292,5.660034493920055,6.505149978319906,0.8451154843998516,9
293,6.080558594776906,6.812913356642856,0.7323547618659498,9
294,5.636375567374398,5.17897694729317,-0.45739862008122856,9
295,5.926437126016936,5.365487984890899,-0.560949141126037,9
296,5.080384596949088,6.15839265038712,1.0780080534380323,9
297,5.487341292046839,4.477121254719663,-1.0102200373271764,9
298,5.80750112049891,4.453624073591451,-1.353877046907459,9
299,6.379103253947726,6.086359830674748,-0.2927434232729773,9
300,6.33983926320947,6.086359830674748,-0.2534794325347214,9
301,6.167402665643821,6.319314304090512,0.1519116384466912,9
302,6.2770744563392284,6.477121254719663,0.20004679838043415,9
303,6.285172383378821,6.374198257929082,0.08902587455026101,9
304,5.965751434813101,6.3979400086720375,0.4321885738589364,9
305,5.465418822009433,5.187520720836463,-0.27789810117297,9
306,5.742055560769076,5.528916700277655,-0.21313886049142106,9
307,6.215108711105283,6.568201724066995,0.353093012961712,9
308,5.530745111298347,5.0,-0.530745111298347,9
309,5.375039372010635,6.079181246047625,0.7041418740369902,9
310,5.779402915488209,4.814913181275074,-0.9644897342131351,9
311,5.543816886669717,5.08170727009735,-0.46210961657236727,9
312,5.687715548319387,6.384711742938283,0.6969961946188956,9
313,6.136444973372037,6.342422680822207,0.2059777074501694,9
314,6.30979615927282,5.671172842715083,-0.6386233165577373,9
315,5.790679617529556,6.278753600952829,0.4880739834232726,9
316,5.968877624802492,6.284656282788515,0.3157786579860229,9
317,5.227021926682136,5.671172842715083,0.4441509160329469,9
318,6.116176772870615,6.477121254719663,0.3609444818490477,9
319,5.656742018512993,5.0,-0.6567420185129933,9
320,5.830867077688029,5.852174904420303,0.021307826732273938,9
321,5.351815934153097,5.3979400086720375,0.046124074518940184,9
322,5.99001807159897,6.139879086401237,0.14986101480226655,9
323,6.198383782817094,6.273487409697184,0.07510362688009042,9
324,6.314812913244401,6.320623955053538,0.005811041809137052,9
325,5.891587772374072,6.6020599913279625,0.7104722189538908,9
326,6.379065338111621,6.337459261290656,-0.0416060768209654,9
327,6.426294645752769,6.301029995663981,-0.12526465008878773,9
328,6.312971726363551,6.3979400086720375,0.08496828230848674,9
329,6.135626513956055,6.45484486000851,0.31921834605245536,9
330,6.772914224957617,8.146128035678238,1.373213810720621,9
331,5.30150871181912,4.5820633629117085,-0.7194453489074117,9
332,5.724708933584363,6.272305844402086,0.547596910817723,9
333,6.772914224957617,5.728256359248493,-1.044657865709124,9
334,6.082589942119031,5.71717102683231,-0.3654189152867211,9
335,5.667414395390153,6.049218022670182,0.38180362728002937,9
336,5.2174196770302625,6.396199347095736,1.1787796700654738,9
337,5.914058307136257,5.550228353055094,-0.3638299540811625,9
338,5.824876156601841,5.575072325713813,-0.2498038308880286,9
339,6.052994153599058,6.100025730107863,0.04703157650880474,9
340,5.825776017916183,4.860338006570994,-0.9654380113451886,9
341,6.520236680933235,6.489958479424835,-0.030278201508400215,9
342,6.156641255881337,6.3979400086720375,0.24129875279070045,9
343,5.7785789071673115,6.3560258571931225,0.577446950025811,9
344,5.406763472955803,4.705863712283919,-0.7008997606718843,9
345,5.6360953732032355,4.833147111912785,-0.8029482612904504,9
346,6.066770036250891,6.182671386675478,0.11590135042458716,9
347,6.061781507782561,6.262023704606317,0.20024219682375666,9
348,5.828925491797255,6.408239965311849,0.5793144735145939,9
349,6.342045172455575,6.5910646070265,0.24901943457092557,9
350,6.264630895197152,5.876217840591642,-0.38841305460551023,9
351,4.930263116007019,6.1041455505540085,1.1738824345469894,9
352,5.985649128593448,4.630122642859312,-1.3555264857341367,9
353,5.991412631034695,6.5910646070265,0.5996519759918053,9
354,6.176967991514756,5.978180516937414,-0.19878747457734214,9
355,6.0407526503397175,6.100025730107863,0.05927307976814511,9
356,6.241536406976894,5.675778341674085,-0.5657580653028091,9
357,6.200206465578296,6.0,-0.20020646557829558,9
358,5.836265583234313,6.431363764158987,0.5950981809246736,9
359,6.352601054623644,6.1525940779274695,-0.20000697669617473,9
360,6.610214220494794,6.732393759822968,0.12217953932817416,9
361,5.195732656981612,4.491361693834273,-0.7043709631473387,9
362,4.188130960320815,4.77901897191487,0.5908880115940551,9
363,5.811488202316602,6.556302500767287,0.7448142984506845,9
364,4.676705217067932,4.850033257689769,0.17332804062183715,9
365,6.14539323226865,6.278753600952829,0.1333603686841789,9
366,6.262363270429416,6.4623979978989565,0.2000347274695402,9
367,6.172568059584563,6.399154333958217,0.22658627437365375,9
368,5.989531315201956,6.3979400086720375,0.4084086934700819,9
369,6.278634405611889,5.880813592280791,-0.39782081333109787,9
370,6.011417450194454,5.7160033436348,-0.2954141065596536,9
371,5.543816886669717,6.465828815357437,0.92201192868772,9
372,5.636383383930836,6.5910646070265,0.9546812230956645,9
373,6.423704993415142,6.919078092376074,0.49537309896093173,9
374,5.991894403272217,6.301029995663981,0.30913559239176447,9
375,6.252947726548578,6.380211241711606,0.1272635151630288,9
376,6.399729692088226,6.204119982655925,-0.1956097094323006,9
377,6.103469386104067,6.301029995663981,0.19756060955991384,9
378,5.890541209019677,6.073105874968971,0.1825646659492941,9
379,5.422509941090414,6.2552725051033065,0.8327625640128922,9
380,6.09550349979295,6.32221929473392,0.22671579494097038,9
381,6.131373268429027,5.866287339084195,-0.2650859293448322,9
382,6.083510859758511,6.318063334962762,0.23455247520425093,9
383,6.083510859758511,6.368100851709351,0.2845899919508401,9
384,5.954442379336963,6.378397900948138,0.423955521611175,9
385,5.505230102002133,6.326130956710794,0.8209008547086611,9
386,5.952328676569044,4.354108439147401,-1.5982202374216428,9
387,5.891587772374072,6.396722278503773,0.5051345061297017,9
388,5.819391612192926,5.619093330626742,-0.2002982815661838,9
389,4.676705217067932,3.6989700043360174,-0.9777352127319143,9
390,5.672750592889977,5.766784515497859,0.09403392260788213,9
391,6.198110378690146,6.474755154291798,0.27664477560165235,9
392,5.4433830278666555,5.643452676486188,0.20006964861953236,9
393,6.270750537170226,6.453318340047038,0.18256780287681185,9
394,5.912658318490877,4.764176132390331,-1.148482186100546,9
395,5.797090573170621,6.227115082589125,0.43002450941850423,9
396,6.0588411447896995,6.039255443806487,-0.019585700983212107,9
397,5.647945132856089,6.079181246047625,0.4312361131915363,9
398,6.122244202397845,6.387211800313731,0.2649675979158852,9
399,5.786441970836095,5.575072325713813,-0.21136964512228218,9
400,5.9620244676649,6.539076098792776,0.5770516311278762,9
401,6.2088520733817,6.008600171761918,-0.20025190161978212,9
402,6.291815120257967,6.113943352306837,-0.1778717679511299,9
403,6.022491569679965,6.222456336679247,0.19996476699928234,9
404,6.5012938658391946,6.301029995663981,-0.2002638701752133,9
405,5.475375820114454,5.275103949569196,-0.20027187054525797,9
406,6.61417728771948,6.884795363948981,0.27061807622950074,9
407,6.514807382067035,6.7979596437371965,0.2831522616701614,9
408,6.738627269003237,7.505149978319906,0.7665227093166695,9
409,6.320967394816984,6.517723594833735,0.19675620001675131,9
410,6.434586074281222,6.6349808000512285,0.20039472577000605,9
411,6.515833623074344,6.6452748593294935,0.12944123625514958,9
412,5.600946741558267,6.270678836144707,0.6697320945864398,9
413,6.528775885818927,6.024895960107485,-0.5038799257114421,9
414,6.4765916063757825,7.385606273598312,0.9090146672225297,9
415,6.514807382067035,6.284453294010853,-0.23035408805618207,9
416,6.519145858240501,6.501059262217751,-0.018086596022749646,9
417,6.515833623074344,6.7160033436348,0.20016972056045645,9
418,6.511629992384234,6.3979400086720375,-0.11368998371219607,9
419,6.445873737929493,6.2716557723522754,-0.1742179655772178,9
420,6.280587335681503,6.269512944217916,-0.011074391463586686,9
421,6.223836883827988,6.32221929473392,0.09838241090593236,9
422,6.2065555911396535,5.337459261290656,-0.8690963298489978,9
423,6.532612414925627,6.755874855672492,0.22326244074686574,9
424,6.532612414925627,6.596047007545439,0.06343459261981277,9
425,6.373491893592551,6.372912002970106,-0.0005798906224443456,9
426,6.284107791457547,4.484299839346786,-1.7998079521107613,9
427,5.97120422191365,6.477121254719663,0.5059170328060123,9
428,5.843836328779974,6.079181246047625,0.23534491726765072,9
429,6.262273803703846,6.3979400086720375,0.13566620496819137,9
430,4.942911790336191,4.742725131304698,-0.2001866590314929,9
431,6.2178562671940405,6.278753600952829,0.06089733375878836,9
432,6.238403355472494,5.4446692309385245,-0.7937341245339695,9
433,6.236931519384785,6.43695733066945,0.20002581128466446,9
434,6.327115910454468,6.442479769064448,0.11536385860997989,9
435,6.357141779876842,6.645324001562293,0.28818222168545127,9
436,5.959241367552,5.373500477967874,-0.5857408895841258,9
437,6.083208994659061,6.477121254719663,0.39391226006060176,9
438,5.657043000735184,5.283301228703549,-0.37374177203163494,9
439,5.195516367804933,6.176091259055681,0.9805748912507486,9
440,6.132722983984056,6.57978359661681,0.4470606126327539,9
441,6.125024498482628,5.845098040014257,-0.2799264584683714,9
442,5.362254273391462,5.62797998982998,0.26572571643851717,9
443,5.962868911047202,6.146128035678238,0.18325912463103577,9
444,5.872283894384942,6.528736777724652,0.6564528833397105,9
445,6.122094381413617,6.32221929473392,0.20012491332030358,9
446,6.384778154397348,6.184691430817598,-0.20008672357974966,9
447,6.242125033143323,6.6020599913279625,0.35993495818463916,9
448,5.946168996732066,5.900312496983727,-0.045856499748339274,9
449,6.059500641881479,6.385606273598312,0.3261056317168327,9
450,5.877835071390202,6.585460729508501,0.7076256581182987,9
451,5.95449478016122,6.271841606536499,0.317346826375279,9
452,6.233170869841648,6.401572845676446,0.1684019758347981,9
453,5.057150751961996,3.724275869600789,-1.3328748823612067,9
454,5.9761379062532765,6.176091259055681,0.1999533528024049,9
455,4.338352214668245,6.176091259055681,1.837739044387436,9
456,6.101013988416215,6.301029995663981,0.20001600724776658,9
457,5.44196099798461,5.04688519083771,-0.3950758071469007,9
458,6.268497026969286,6.068185861746161,-0.2003111652231251,9
459,5.951240116760746,6.181843587944773,0.23060347118402635,9
460,6.122063639335998,6.32221929473392,0.20015565539792224,9
461,6.342662972253065,6.855525212731306,0.512862240478241,9
462,5.565343492651862,6.342422680822207,0.7770791881703447,9
463,6.448519825792152,6.447158031342219,-0.001361794449932674,9
464,6.511629992384234,6.491361693834273,-0.020268298549960484,9
465,6.122189912576766,6.32221929473392,0.2000293821571546,9
466,6.508794110040087,7.0,0.49120588995991277,9
467,6.1629129254931,6.357934847000454,0.19502192150735365,9
468,6.390881607036279,6.309757882316366,-0.08112372471991325,9
469,5.766292555737981,6.290034611362518,0.5237420556245374,9
470,6.208894110493788,6.301029995663981,0.092135885170193,9
471,6.273123378916068,6.073351702386901,-0.19977167652916705,9
472,6.1977509291075235,6.057099097526547,-0.1406518315809766,9
473,6.225059481934,6.186278103445368,-0.038781378488631724,9
474,6.117942661072775,6.301029995663981,0.18308733459120585,9
475,6.27790070158037,6.477555332198981,0.19965463061861133,9
476,5.795253684931558,5.99563519459755,0.20038150966599133,9
477,6.00392435972861,6.204119982655925,0.20019562292731496,9
478,5.980841797338676,6.089905111439398,0.10906331410072223,9
479,5.929577578554534,5.043755126968679,-0.885822451585855,9
480,6.194568985217645,6.394451680826216,0.1998826956085713,9
481,4.388985546814586,3.397940008672037,-0.9910455381425494,9
482,6.291033962455618,6.491361693834273,0.20032773137865512,9
483,5.849579274252927,5.12057393120585,-0.7290053430470778,9
484,5.489041822194064,5.548757828573704,0.05971600637963981,9
485,5.552402024701817,5.752048447819439,0.19964642311762137,9
486,5.498651055336507,5.698970004336019,0.20031894899951208,9
487,5.208650049549478,5.008600171761918,-0.2000498777875599,9
488,5.969454985693219,6.0,0.030545014306780693,9
489,5.246483826128431,4.534026106056135,-0.7124577200722957,9
490,5.963920141417905,6.164352855784437,0.20043271436653232,9
491,6.3526887552137365,6.552668216112194,0.19997946089845708,9
492,5.742968719939433,6.423245873936808,0.6802771539973751,9
493,5.879140839364906,6.079181246047625,0.20004040668271905,9
494,6.708701635611449,6.9084850188786495,0.19978338326720024,9
495,6.630676464620426,6.913283901760418,0.28260743713999226,9
496,6.279346883683957,6.079181246047625,-0.20016563763633233,9
497,6.279346883683957,6.657055852857104,0.37770896917314634,9
498,6.740300828116012,6.962369335670021,0.22206850755400964,9
499,6.323807600339027,6.57978359661681,0.2559759962777832,9
500,5.904086817063967,5.959041392321094,0.05495457525712677,9
501,5.879182842642014,6.079181246047625,0.19999840340561104,9
502,6.633816845739988,6.857332496431268,0.22351565069128032,9
503,6.008585152459879,7.012837224705172,1.0042520722452934,9
504,5.8139759200415035,5.950364854376123,0.13638893433461963,9
505,6.936273432866638,7.727541257028556,0.7912678241619187,9
506,6.976417186479983,7.176091259055681,0.19967407257569825,9
507,6.98010410551965,6.592176757395867,-0.3879273481237826,9
508,5.33688931477623,5.136720567156407,-0.2001687476198235,9
509,5.886236008336771,6.200303182981585,0.3140671746448147,9
510,5.542587357214878,5.892094602690481,0.3495072454756025,9
511,6.6261397710116325,6.826074802700826,0.19993503168919347,9
512,5.989596512859471,5.8750612633917,-0.11453524946777094,9
513,6.100807460877284,5.176091259055681,-0.9247162018216031,9
514,6.526060330795136,6.644044492814749,0.1179841620196127,9
515,3.8013037410006336,2.7781512503836434,-1.0231524906169902,9
516,5.661834730266675,6.079181246047625,0.4173465157809497,9
517,3.526985123681307,3.0791812460476247,-0.4478038776336821,9
518,6.083223730957112,6.283301228703549,0.20007749774643724,9
519,5.60827062122245,6.2878017299302265,0.6795311087077769,9
520,5.737182147581122,5.536937022704674,-0.20024512487644852,9
521,6.100807460877284,6.301029995663981,0.20022253478669683,9
522,6.457948323807398,6.472902651803664,0.014954327996266059,9
523,5.20018871289346,5.0,-0.20018871289345963,9
524,6.331695116366747,6.531478917042255,0.19978380067550816,9
525,5.800865835578752,6.033423755486949,0.23255791990819752,9
526,5.165846428334155,3.662757831681574,-1.503088596652581,9
527,5.926185237500359,6.260548372636979,0.33436313513661986,9
528,6.040380583006422,5.301029995663981,-0.7393505873424404,9
529,6.218423864160216,6.176091259055681,-0.042332605104534515,9
530,5.6805302575675825,5.4996870826184034,-0.180843174949179,9
531,5.140431471109149,5.295127085252191,0.15469561414304156,9
532,4.7398828691384765,3.911690158753861,-0.8281927103846156,9
533,6.2757930286522985,6.324282455297693,0.04848942664539457,9
534,5.520005850227059,5.72029163965499,0.20028578942793107,9
535,5.975925762605715,6.3670482644844935,0.39112250187877873,9
536,6.172562009490518,7.204119982655925,1.0315579731654072,9
537,6.212803683687717,6.012837224705172,-0.19996645898254517,9
538,5.376276096578091,5.176091259055681,-0.2001848375224098,9
539,5.6867327421046765,6.278982116865443,0.5922493747607662,9
540,4.6948800994248305,4.329194415088451,-0.3656856843363796,9
541,5.376276096578091,6.002166061756507,0.6258899651784162,9
542,6.289724121682957,6.489395921727129,0.19967180004417262,9
543,5.2003456054364126,5.0,-0.20034560543641255,9
544,5.01562817351444,5.0,-0.01562817351443968,9
545,5.740752043864552,4.698970004336019,-1.0417820395285329,9
546,5.5209775638983665,5.294466226161593,-0.22651133773677312,9
547,5.60764997640957,5.477121254719663,-0.1305287216899078,9
548,5.999756210231491,6.1264561134318045,0.1266999032003131,9
549,6.1655206773561755,5.0,-1.1655206773561755,9
550,5.469945626096854,4.02816441942447,-1.4417812066723847,9
551,6.457948323807398,7.079181246047625,0.6212329222402273,9
552,6.218423864160216,6.018650576891155,-0.19977328726906052,9
553,6.1655206773561755,7.049218022670182,0.8836973453140065,9
554,5.84311028050461,6.556302500767287,0.7131922202626768,9
555,6.192355746566464,7.176091259055681,0.9837355124892175,9
556,5.415193419194982,5.615539749308947,0.2003463301139652,9
557,6.471904706937545,7.017450729510536,0.5455460225729905,9
558,5.491182491757756,3.838849090737255,-1.6523334010205004,9
559,5.750517764320623,6.278753600952829,0.5282358366322057,9
560,6.147270641434508,7.079181246047625,0.9319106046131171,9
561,5.2342165335865545,5.181843587944773,-0.052372945641781854,9
562,4.540064475314036,4.340444114840119,-0.19962036047391685,9
563,3.7611845149798033,3.403120521175818,-0.35806399380398535,9
564,5.191104914568886,4.991226075692495,-0.19987883887639057,9
565,6.14227933070194,6.342422680822207,0.20014335012026674,9
566,5.647174649867721,5.447158031342219,-0.20001661852550168,9
567,6.541401703388232,6.741151598851785,0.1997498954635537,9
568,5.597841667713753,6.350248018334163,0.7524063506204106,9
569,6.561516636971952,6.361727836017593,-0.1997888009543587,9
570,5.878079733046957,4.176091259055681,-1.7019884739912756,9
571,5.185709124913616,5.507855871695831,0.32214674678221566,9
572,6.477120858481935,6.732393759822968,0.25527290134103353,9
573,6.1655206773561755,4.130333768495007,-2.035186908861168,9
574,6.111696582816051,6.290034611362518,0.17833802854646752,9
575,6.412909061590478,6.954242509439325,0.5413334478488476,9
576,6.491150817612175,7.079181246047625,0.5880304284354505,9
577,5.488701338028749,6.698970004336019,1.21026866630727,9
578,6.532612414925627,6.698970004336019,0.16635758941039214,9
579,5.79449325017683,6.334453751150931,0.5399605009741011,9
580,5.833597748718892,5.045322978786658,-0.7882747699322348,9
581,6.343802786892546,6.544068044350276,0.20026525745772972,9
582,6.835659186306723,7.589949601325708,0.7542904150189855,9
583,6.457948323807398,6.942504106168081,0.4845557823606832,9
584,6.218423864160216,6.43569150818434,0.21726764402412435,9
585,6.1655206773561755,7.079181246047625,0.9136605686914496,9
586,6.561516636971952,6.838723190031372,0.2772065530594201,9
587,6.1655206773561755,6.365487984890899,0.19996730753472391,9
588,5.84311028050461,6.12057393120585,0.2774636507012396,9
589,4.980518046644736,6.0,1.019481953355264,9
590,6.153863934798707,6.119317224092021,-0.034546710706686135,9
591,6.168434126645478,6.69284691927723,0.5244127926317521,9
592,6.471904706937545,6.672097857935717,0.2001931509981718,9
593,5.610485288931305,7.1003705451175625,1.4898852561862572,9
594,5.9877858003542554,7.176091259055681,1.188305458701426,9
595,5.810453073371676,6.612783856719736,0.8023307833480606,9
596,6.033306047592762,6.886490725172482,0.85318467757972,9
597,3.672499361054985,3.4727564493172123,-0.19974291173777292,9
598,6.7351518867640445,6.812913356642856,0.07776146987881116,9
599,6.7351518867640445,7.0,0.2648481132359555,9
600,5.667266461531911,5.477121254719663,-0.19014520681224845,9
601,5.961326467341651,6.161368002234975,0.200041534893324,9
602,6.101014859319897,6.3979400086720375,0.2969251493521403,9
603,6.147270641434508,6.861534410859038,0.7142637694245302,9
604,6.1655206773561755,4.740362689494244,-1.4251579878619314,9
605,4.899243018549907,4.698970004336019,-0.200273014213888,9
606,5.515696019874919,5.7160033436348,0.20030732375988158,9
607,6.435785735651322,6.431363764158987,-0.004421971492335253,9
608,6.423704993415142,6.414973347970818,-0.00873164544432381,9
609,6.210758177491089,6.146128035678238,-0.06463014181285054,9
610,5.831658205438763,6.531478917042255,0.6998207116034925,9
611,5.890541209019677,5.447158031342219,-0.4433831776774575,9
612,6.161793858422774,6.361727836017593,0.199933977594819,9
613,4.978003031610664,4.778151250383644,-0.19985178122701974,9
614,4.757073678191011,4.31722734917642,-0.43984632901459086,9
615,5.973686290735904,6.079181246047625,0.10549495531172148,9
616,5.753913741055587,5.954242509439325,0.2003287683837378,9
617,4.963219951464013,5.484769477716173,0.5215495262521603,9
618,5.844970167274313,6.045322978786658,0.20035281151234496,9
619,4.348044954571343,4.1476763242410986,-0.2003686303302441,9
620,5.795768131644607,6.3979400086720375,0.6021718770274305,9
621,6.193446034894779,6.556302500767287,0.3628564658725075,9
622,6.080036407777265,6.079181246047625,-0.0008551617296399527,9
623,5.679209935144643,6.079181246047625,0.3999713109029823,9
624,5.539567378672346,5.775464809345739,0.23589743067339342,9
625,5.496267611776321,6.1068026275996505,0.6105350158233298,9
626,5.880988579610284,5.681241237375588,-0.19974734223469603,9
627,5.890075225624599,5.444825199509748,-0.4452500261148513,9
628,5.89965649772114,6.0,0.10034350227885991,9
629,5.8179565432530325,6.018284308426531,0.20032776517349848,9
630,5.919438718089157,5.949877704036875,0.030438985947718322,9
631,6.445105976332348,6.0,-0.44510597633234816,9
632,6.124469750633828,6.161368002234975,0.0368982516011469,9
633,6.120931079333657,5.049218022670182,-1.0717130566634747,9
634,6.016935131556103,6.011993114659257,-0.0049420168968463685,9
635,6.11590231063535,6.315970345456917,0.20006803482156776,9
636,6.618311743638512,6.418301291319746,-0.20001045231876624,9
637,6.410403580935838,6.301029995663981,-0.10937358527185648,9
638,6.293451530076685,6.544068044350276,0.2506165142735908,9
639,6.398301511365515,6.176091259055681,-0.22221025230983393,9
640,6.422830452036111,6.342422680822207,-0.08040777121390441,9
641,6.284107791457547,6.57978359661681,0.29567580515926295,9
642,5.896345106459289,6.0,0.10365489354071133,9
643,6.208167093678114,6.313593064521326,0.10542597084321237,9
644,6.279558108610035,6.079181246047625,-0.20037686256241027,9
645,5.823371972564749,5.623249290397901,-0.2001226821668478,9
646,5.937803436521036,6.033423755486949,0.0956203189659135,9
647,6.022644946118589,6.6020599913279625,0.5794150452093731,9
648,6.239250315620797,6.26142703676955,0.02217672114875313,9
649,6.217379002625049,6.124634624019139,-0.0927443786059099,9
650,6.239250315620797,6.363611979892144,0.12436166427134676,9
651,6.124708975167691,5.707570176097937,-0.41713879906975393,9
652,6.20463482493047,6.32221929473392,0.11758446980345028,9
653,6.143728786555488,6.600972895686748,0.4572441091312607,9
654,5.795313260877361,5.9954289654317074,0.20011570455434669,9
655,6.080036407777265,6.193124598354461,0.1130881905771961,9
656,5.993955840490675,5.45075702813707,-0.5431988123536051,9
657,6.20463482493047,6.283301228703549,0.0786664037730791,9
658,5.88254015985925,4.380211241711606,-1.5023289181476436,9
659,6.271382423236975,6.230448921378274,-0.04093350185870115,9
660,6.078547305494146,6.278753600952829,0.20020629545868296,9
661,5.399871506757461,5.599883072073688,0.20001156531622666,9
662,4.74326355059123,4.153204900084284,-0.5900586505069461,9
663,5.571298342295707,7.498310553789601,1.927012211493894,9
664,6.157689718051383,6.357934847000454,0.20024512894907076,9
665,5.189903853467056,4.963787827345556,-0.22611602612150072,9
666,5.972256259427151,6.220108088040055,0.24785182861290433,9
667,5.894823141749157,7.4954055631461936,1.6005824213970365,9
668,5.661420814054049,6.096910013008056,0.4354891989540075,9
669,5.965272980339923,5.149834696715785,-0.8154382836241378,9
670,5.914565830418861,6.0,0.0854341695811387,9
671,5.8838965825047405,5.939808685806208,0.05591210330146712,9
672,6.087893357829456,5.888179493918325,-0.1997138639111311,9
673,6.207901877398031,6.060697840353612,-0.14720403704441942,9
674,5.87916260899594,5.814394112097142,-0.0647684968987976,9
675,6.089808337705071,6.060932673519882,-0.028875664185188832,9
676,5.967064874174618,6.167317334748176,0.20025246057355783,9
677,6.608473938139625,6.298853076409706,-0.3096208617299183,9
678,5.916497354831087,6.079181246047625,0.16268389121653826,9
679,5.766314269684873,5.663700925389648,-0.10261334429522506,9
680,5.4769577243136975,6.004321373782642,0.5273636494689447,9
681,5.89965649772114,6.222716471147583,0.3230599734264432,9
682,5.788101016243143,6.079181246047625,0.2910802298044821,9
683,4.837725922431733,5.786751422145561,0.9490254997138283,9
684,5.976018248514067,6.176091259055681,0.20007301054161442,9
685,5.984096314496114,6.079181246047625,0.09508493155151143,9
686,5.910730215498693,6.0,0.08926978450130729,9
687,5.475372564340293,5.5301996982030825,0.0548271338627897,9
688,5.8179565432530325,6.0,0.18204345674696754,9
689,5.7442025143057736,6.330413773349191,0.5862112590434174,9
690,5.956030732057943,5.607455023214668,-0.34857570884327505,9
691,6.006797784600431,6.103461622094705,0.09666383749427432,9
692,5.914980972042891,6.024731889655249,0.10975091761235767,9
693,5.8305717241879975,4.711807229041191,-1.1187644951468068,9
694,6.024146648789321,5.824054205231849,-0.20009244355747224,9
695,5.679214937181139,6.301029995663981,0.6218150584828424,9
696,6.128979590019226,6.188647295999718,0.05966770598049198,9
697,6.141164848337461,6.977723605288848,0.836558756951387,9
698,5.902468076718801,6.0,0.09753192328119908,9
699,6.110705818066437,4.103803720955957,-2.00690209711048,9
700,6.100251310410522,6.720572720364261,0.6203214099537391,9
701,5.962944090462693,6.103803720955957,0.14085963049326455,9
702,6.1932700612797325,6.0,-0.19327006127973245,9
703,5.879155698678169,6.0,0.12084430132183144,9
704,5.820081165993862,5.342422680822207,-0.47765848517165566,9
705,5.613930337327702,6.079181246047625,0.4652509087199235,9
706,6.078863986899591,6.278753600952829,0.19988961405323824,9
707,6.120512084584933,6.414973347970818,0.29446126338588563,9
708,5.974690586674409,5.77451696572855,-0.20017362094585955,9
709,5.770891617004287,6.377124042346456,0.6062324253421689,9
710,6.239250315620797,5.93801909747621,-0.3012312181445873,9
711,5.655804387836446,6.0,0.34419561216355365,9
712,5.546526503808784,6.332236415491443,0.7857099116826589,9
713,5.397857570165026,6.176091259055681,0.7782336888906549,9
714,5.96485531073049,6.165244326125311,0.2003890153948209,9
715,6.7696994931917605,6.969415912353981,0.19971641916222094,9
716,6.3234843261335145,6.447158031342219,0.12367370520870491,9
717,6.4149880634292415,6.72916478969277,0.3141767262635282,9
718,6.427418728635946,6.3979400086720375,-0.029478719963908162,9
719,6.367023115559409,6.4269989587565375,0.059975843197128675,9
720,6.355883762058039,4.778151250383644,-1.5777325116743954,9
721,6.443323207699362,6.380211241711606,-0.0631119659877557,9
722,6.105185926922336,6.3979400086720375,0.29275408174970163,9
723,5.263391225082132,3.556302500767288,-1.7070887243148438,9
724,6.340721121659379,6.633468455579586,0.29274733392020735,9
725,6.088405120162766,6.243038048686294,0.1546329285235286,9
726,6.170327996628859,6.187520720836463,0.01719272420760376,9
727,5.975767304622273,6.176091259055681,0.20032395443340878,9
728,5.735252095263351,4.770852011642144,-0.9644000836212072,9
729,6.2496277104384665,6.3979400086720375,0.14831229823357095,9
730,6.605329898574254,6.819543935541868,0.21421403696761399,9
731,6.123802941558087,4.948070481518941,-1.1757324600391463,9
732,6.267823393370669,6.4679039465228,0.20008055315213102,9
733,6.267823393370669,6.556302500767287,0.28847910739661753,9
734,5.355421370891624,4.858537197569639,-0.49688417332198487,9
735,5.534863204236209,5.230448921378274,-0.3044142828579348,9
736,5.373786348280589,4.728028954420519,-0.6457573938600705,9
737,5.648667140864128,4.0,-1.648667140864128,9
738,6.142588351707226,6.049218022670182,-0.09337032903704401,9
739,5.540838101623473,4.826074802700826,-0.7147632989226471,9
740,4.920892346082777,5.760422483423212,0.8395301373404349,9
741,4.360498333039844,4.041392685158225,-0.319105647881619,9
742,5.390509277523676,5.00987563371216,-0.38063364381151565,9
743,5.65796259212673,5.02938377768521,-0.6285788144415205,9
744,5.344706763821235,5.544811911757776,0.200105147936541,9
745,5.32286120524328,5.041392685158225,-0.2814685200850544,9
746,5.55075379950791,5.61066016308988,0.05990636358196966,9
747,5.024541854875875,5.045322978786658,0.020781123910782462,9
748,5.057150751961996,4.0178677189635055,-1.0392830329984903,9
749,4.925819049991024,5.96189547366785,1.0360764236768256,9
750,3.8825439599756826,4.022428371185487,0.13988441120980477,9
751,5.680071732616956,4.468347330412158,-1.2117244022047986,9
752,5.95073781012532,5.748188027006201,-0.2025497831191192,9
753,4.919594062608695,4.17897694729317,-0.7406171153155254,9
754,5.831658205438763,5.781036938621132,-0.050621266817630683,9
755,5.057150751961996,4.0,-1.0571507519619958,9
756,5.834028148641277,4.812913356642856,-1.0211147919984214,9
757,5.489041822194064,5.68930885912362,0.2002670369295556,9
758,5.999591648182649,5.851258348719076,-0.1483332994635722,9
759,5.049947795902602,5.189209489582306,0.1392616936797042,9
760,5.165846428334155,4.049218022670182,-1.116628405663973,9
761,5.84311028050461,4.7160033436348,-1.1271069368698097,9
762,5.2342165335865545,6.763427993562937,1.5292114599763824,9
763,5.84311028050461,3.832508912706236,-2.010601367798374,9
764,5.4563182162929476,5.079181246047625,-0.37713697024532244,9
765,4.920892346082777,3.4771212547196626,-1.4437710913631143,9
766,5.5981671474523305,6.2552725051033065,0.657105357650976,9
767,5.807084981629888,4.845098040014257,-0.9619869416156313,9
768,5.536414973896849,6.079181246047625,0.542766272150776,9
769,4.370283579380752,4.4048337166199385,0.03455013723918654,9
770,5.857548170993198,4.79982283099332,-1.0577253399998776,9
771,5.453070677804424,6.698970004336019,1.2458993265315952,9
772,4.919594062608695,3.494154594018443,-1.4254394685902523,9
773,5.705959570815269,6.079181246047625,0.3732216752323563,9
774,5.74355381461166,4.017033339298781,-1.7265204753128796,9
775,4.442246381639143,4.544068044350276,0.10182166271113235,9
776,4.921375529411607,3.342422680822206,-1.578952848589401,9
777,3.568768196907532,4.1027766148834415,0.5340084179759095,9
778,5.030869928496018,3.9190780923760737,-1.1117918361199441,9
779,5.664676380103549,6.0,0.3353236198964513,9
780,5.536414973896849,5.7363965022766426,0.19998152837979344,9
781,5.373662112089336,4.562173863364649,-0.8114882487246877,9
782,5.482668163550794,4.445604203273597,-1.0370639602771963,9
783,5.277127190919409,5.477121254719663,0.1999940638002533,9
784,5.533698129231828,7.176091259055681,1.6423931298238532,9
785,6.120346479044622,6.041392685158225,-0.0789537938863969,9
786,6.199652554419702,5.541579243946581,-0.6580733104731209,9
787,4.985362891212032,4.994317152669637,0.008954261457605028,9
788,5.7731437665112955,5.079181246047625,-0.6939625204636704,9
789,4.974194530349554,4.54282542695918,-0.4313691033903746,9
790,5.642917906828131,6.477121254719663,0.8342033478915312,9
791,5.409646734271249,5.571708831808688,0.16206209753743916,9
792,6.186416521089489,6.633468455579586,0.44705193449009695,9
793,6.387694682861951,6.363047594521094,-0.02464708834085716,9
794,4.338352214668245,4.212187604403958,-0.12616461026428727,9
795,4.973670759554321,4.972619339059624,-0.0010514204946971972,9
796,4.285832227980142,6.079181246047625,1.7933490180674827,9
797,4.503938673267496,5.073791642808014,0.5698529695405181,9
798,5.573247315786747,4.704853744566289,-0.8683935712204587,9
799,5.318508862127745,5.518513939877887,0.2000050777501423,9
800,4.503938673267496,4.953663063747091,0.4497243904795951,9
801,6.1388170443096985,4.792391689498253,-1.346425354811446,9
802,5.1429899929137,4.117271295655764,-1.0257186972579353,9
803,5.538815068478578,6.3979400086720375,0.8591249401934595,9
804,4.417361672694518,4.568201724066995,0.15084005137247658,9
805,5.174836813203995,4.357172257723033,-0.8176645554809614,9
806,4.987418497408812,4.683947130751513,-0.30347136665729924,9
807,5.6834116629830485,5.903089986991944,0.2196783240088953,9
808,5.7940124602456535,5.477121254719663,-0.3168912055259909,9
809,6.262273803703846,6.4623979978989565,0.2001241941951104,9
810,4.976444678731132,4.743509764728429,-0.23293491400270305,9
811,4.264974835336143,4.643452676486188,0.3784778411500449,9
812,5.611957074430874,5.811709026696192,0.19975195226531817,9
813,5.086890621476971,4.887054378050957,-0.19983624342601392,9
814,4.679384324461419,3.857332496431269,-0.8220518280301503,9
815,3.7188447010680132,3.792391689498254,0.07354698843024066,9
816,3.963404480092306,3.763427993562937,-0.19997648652936917,9
817,4.049149302352377,3.544068044350276,-0.5050812580021007,9
818,4.122551561888367,3.9242792860618816,-0.198272275826485,9
819,6.023407092834677,6.3979400086720375,0.3745329158373609,9
820,4.181968358997047,4.382017042574868,0.20004868357782168,9
821,5.080384596949088,6.079181246047625,0.9987966490985372,9
822,4.663451254893826,3.8790958795000727,-0.7843553753937536,9
823,4.74326355059123,6.079181246047625,1.335917695456395,9
824,4.370283579380752,4.495544337546448,0.12526075816569637,9
825,4.976444678731132,6.102135154272175,1.1256904755410435,9
826,4.976444678731132,5.176091259055681,0.19964658032454974,9
827,4.4655166900168535,3.462397997898956,-1.0031186921178974,9
828,5.560604194044433,6.049218022670182,0.4886138286257493,9
829,4.152215509322737,4.303196057420489,0.15098054809775174,9
830,4.263261446400251,3.6989700043360174,-0.5642914420642335,9
831,4.940523921286983,4.817565369559781,-0.12295855172720227,9
832,4.680268578577859,5.505149978319906,0.824881399742047,9
833,4.598188862691702,4.3979400086720375,-0.20024885401966408,9
834,4.922078564349659,4.721810615212546,-0.2002679491371131,9
835,4.305464484572623,4.505149978319906,0.19968549374728362,9
836,4.3209527730439845,3.2380461031287955,-1.082906669915189,9
837,4.436980998532837,4.5910646070265,0.15408360849366343,9
838,4.980518046644736,3.230448921378274,-1.750069125266462,9
839,4.410920674866281,2.6020599913279625,-1.8088606835383185,9
840,4.353078196361718,3.008600171761917,-1.344478024599801,9
841,6.133489755520152,5.949390006644912,-0.18409974887523983,9
842,5.278319019212525,6.778151250383644,1.4998322311711192,9
843,6.254763832915758,7.0,0.7452361670842418,9
844,5.690423771200303,5.331589240955137,-0.3588345302451659,9
845,4.7908683802782495,5.176091259055681,0.3852228787774319,9
846,6.302604456488189,6.170555058521209,-0.13204939796698056,9
847,5.6001598728350634,6.146128035678238,0.5459681628431747,9
848,6.2436478432149105,5.982271233039568,-0.2613766101753425,9
849,5.857548170993198,6.209246848753374,0.3516986777601758,9
850,5.980718631455685,5.750045312011768,-0.230673319443917,9
851,6.36389017689787,5.401055725771844,-0.9628344511260263,9
852,6.446426051540531,6.380211241711606,-0.06621480982892436,9
853,6.173035641485598,6.505149978319906,0.3321143368343087,9
854,5.796889917401916,6.204119982655925,0.4072300652540086,9
855,5.857548170993198,4.939019776448666,-0.9185283945445315,9
856,5.718780377821458,4.79309160017658,-0.9256887776448783,9
857,5.560604194044433,6.32221929473392,0.7616151006894878,9
858,6.254763832915758,6.382017042574868,0.12725320965911013,9
859,6.190618698630084,6.366982975977851,0.1763642773477665,9
860,5.916279540510248,6.176091259055681,0.25981171854543295,9
861,5.744929200715726,6.535863520712453,0.7909343199967269,9
862,5.61246529137942,5.924279286061882,0.3118139946824616,9
863,6.078114390853672,6.062205808819713,-0.015908582033959284,9
864,6.083075458782476,6.0,-0.08307545878247602,9
865,6.133259809620652,6.12057393120585,-0.01268587841480251,9
866,4.72838898258325,4.66661156841903,-0.061777414164220446,9
867,6.2668756360319815,7.0178677189635055,0.750992082931524,9
868,5.934385781694346,6.079181246047625,0.14479546435327872,9
869,5.933823267174197,6.567144045195657,0.63332077802146,9
870,5.995686816089321,5.414973347970818,-0.5807134681185024,9
871,6.152388397892606,6.021189299069938,-0.1311990988226679,9
872,5.815643812339563,6.517195897949974,0.7015520856104107,9
873,5.944826123182613,5.934498451243568,-0.010327671939045047,9
874,5.98471867048446,6.301029995663981,0.3163113251795213,9
875,5.797648215872296,6.531478917042255,0.7338307011699596,9
876,5.863871779867098,6.3979400086720375,0.5340682288049399,9
877,4.961650872165515,4.597826770377936,-0.3638241017875785,9
878,4.755462470212011,3.42845877351558,-1.3270036966964311,9
879,6.167402665643821,6.4623979978989565,0.2949953322551355,9
880,6.208723784648405,6.898664858722267,0.6899410740738618,9
881,5.665726266070857,5.847276448275631,0.1815501822047736,9
882,5.641708285619261,5.44178936653435,-0.19991891908491066,9
883,5.879182842642014,4.530839778616521,-1.3483430640254932,9
884,5.600710119167759,6.607455023214668,1.0067449040469096,9
885,6.040380583006422,4.440909082065217,-1.5994715009412044,9
886,6.218423864160216,5.596597095626461,-0.6218267685337553,9
887,5.1565060782988414,4.275080898456858,-0.8814251798419832,9
888,5.6805302575675825,5.110589710299249,-0.5699405472683337,9
889,6.165982656910942,5.041392685158225,-1.1245899717527168,9
890,6.153863934798707,7.0,0.8461360652012928,9
891,6.153863934798707,5.998808399880894,-0.1550555349178131,9
892,6.465290526363649,5.653212513775344,-0.8120780125883051,9
893,5.453070677804424,5.0,-0.45307067780442356,9
894,5.797648215872296,4.661812685537261,-1.1358355303350347,9
895,6.057868862250885,6.7160033436348,0.6581344813839154,9
896,6.156704660452416,6.939519252618618,0.7828145921662024,9
897,4.868343100551355,4.249027052547187,-0.6193160480041682,9
898,3.7073371974328975,1.6334684555795864,-2.0738687418533113,9
899,3.7073371974328975,2.182300499593339,-1.5250366978395586,9
900,5.918903273604666,5.400710636773232,-0.5181926368314347,9
901,6.019189328259979,6.078819183098848,0.05962985483886918,9
902,5.9132040397731105,4.736149402104994,-1.1770546376681166,9
903,5.7366635490755025,6.0,0.26333645092449753,9
904,5.054854102717364,4.821840927200454,-0.23301317551691003,9
905,5.540050784883191,5.648360010980932,0.10830922609774074,9
906,6.100022038801174,6.3979400086720375,0.2979179698708636,9
907,6.217257141611773,7.217483944213907,1.0002268026021337,9
908,5.986793364443249,5.050147658020303,-0.9366457064229463,9
909,4.066909633058456,3.959041392321093,-0.10786824073736323,9
910,4.917301779745242,6.477121254719663,1.5598194749744207,9
911,6.354960324543365,7.544068044350276,1.1891077198069109,9
912,5.245027418404038,6.079181246047625,0.8341538276435871,9
913,5.600704967306736,6.146128035678238,0.5454230683715018,9
914,5.258523876782004,5.146128035678238,-0.11239584110376555,9
915,5.553597383018136,5.534026106056135,-0.019571276962000894,9
916,6.224530126550668,7.434568904034199,1.2100387774835308,9
917,5.520819697757968,5.826074802700826,0.3052551049428578,9
918,5.742052092269323,6.401400540781544,0.6593484485122207,9
919,5.421043555288625,6.079181246047625,0.6581376907590002,9
920,5.844232743938309,5.021189299069938,-0.8230434448683708,9
921,5.422575834499792,5.604118006192035,0.18154217169224296,9
922,5.757607387249797,4.124504224834283,-1.6331031624155141,9
923,4.813582546753247,3.5575072019056577,-1.2560753448475896,9
924,4.5990721251980595,2.9542425094393248,-1.6448296157587348,9
925,4.1817654820712225,3.942008053022313,-0.2397574290489093,9
926,4.813443094012748,3.5118833609788744,-1.3015597330338737,9
927,5.443560224105299,6.621974524899735,1.1784143007944357,9
928,5.660898862281719,5.423360578084977,-0.2375382841967424,9
929,5.477318409769659,5.6776069527204935,0.20028854295083498,9
930,5.946375998956305,6.146128035678238,0.1997520367219332,9
931,5.87921983190314,6.079181246047625,0.19996141414448498,9
932,4.8543845220048985,3.103803720955957,-1.7505808010489416,9
933,7.044809308214756,7.244277120801843,0.1994678125870868,9
934,6.335655303046742,7.08278537031645,0.7471300672697074,9
935,6.043651068705281,6.133538908370218,0.08988783966493674,9
936,5.695929368258701,6.778151250383644,1.0822218821249425,9
937,7.044809308214756,7.57978359661681,0.5349742884020543,9
938,5.8376734594804125,5.27415784926368,-0.5635156102167329,9
939,5.542520229931886,5.342422680822207,-0.20009754910967903,9
940,5.626250470086576,5.826074802700826,0.19982433261425037,9
941,5.3267898233100865,4.359835482339888,-0.9669543409701982,9
942,6.563450590866347,6.763427993562937,0.19997740269658948,9
943,5.63251813177717,5.832508912706237,0.19999078092906686,9
944,4.442246381639143,3.871164132802949,-0.5710822488361944,9
945,5.22575583064952,5.426023015689876,0.20026718504035568,9
946,7.813638843054152,8.229681842317676,0.4160429992635244,9
947,7.813638843054152,8.229681842317676,0.4160429992635244,9
948,6.833857547097072,8.414973347970818,1.5811158008737465,9
949,4.715048520512144,4.515343893088381,-0.19970462742376327,9
950,3.0622870755582468,1.6989700043360187,-1.363317071222228,9
951,4.467099841773135,4.431363764158987,-0.03573607761414799,9
952,5.606799145062066,5.406540180433956,-0.20025896462810966,9
953,5.9802575170785115,6.400365273349939,0.4201077562714275,9
954,5.610485288931305,6.301029995663981,0.690544706732676,9
955,4.921375529411607,4.845098040014257,-0.07627748939735035,9
956,5.140377025104284,3.845098040014257,-1.295278985090027,9
957,4.715048520512144,4.845098040014257,0.13004951950211296,9
958,5.194277005362912,6.707570176097937,1.5132931707350243,9
959,5.037734914669867,6.386677283960838,1.3489423692909703,9
960,5.589625448962639,5.664641975556125,0.0750165265934859,9
961,4.968304121890748,5.672097857935717,0.7037937360449691,9
962,3.562327823672337,3.083502619830268,-0.4788252038420686,9
963,3.9278059469994098,3.3014640731433,-0.6263418738561097,9
964,5.923561123914996,5.987634987448437,0.0640738635334408,9
965,6.3066879056846465,6.506505032404872,0.19981712672022578,9
966,6.180979610012907,6.068185861746161,-0.11279374826674538,9
967,5.726550013074511,5.509202522331103,-0.21734749074340787,9
968,5.785731876346887,5.673020907128897,-0.11271096921799018,9
969,5.863588144733621,5.892094602690481,0.02850645795686013,9
970,5.8729612103605096,5.673020907128897,-0.19994030323161294,9
971,6.007276214147945,6.207095540419218,0.19981932627127286,9
972,5.498081047533161,4.176091259055681,-1.32198978847748,9
973,6.152008975188562,5.146128035678238,-1.005880939510324,9
974,6.2757930286522985,5.0,-1.2757930286522985,9
975,6.218217662692186,6.152288344383057,-0.06592931830912896,9
976,5.810453073371676,5.238522812218293,-0.5719302611533825,9
977,5.810453073371676,5.639486489268586,-0.1709665841030894,9
978,5.972256259427151,5.672097857935717,-0.3001584014914336,9
979,6.014066023153033,6.176091259055681,0.1620252359026484,9
980,5.390509277523676,5.774838005983815,0.3843287284601393,9
981,5.664676380103549,4.681241237375588,-0.9834351427279611,9
982,5.8637097731188454,4.017033339298781,-1.8466764338200647,9
983,5.536414973896849,6.123165370902919,0.5867503970060701,9
984,5.918903273604666,6.835500327867319,0.9165970542626525,9
985,6.019189328259979,6.078819183098848,0.05962985483886918,9
986,4.513373394307254,3.633468455579586,-0.8799049387276678,9
987,5.498081047533161,6.278753600952829,0.7806725534196675,9
988,5.498081047533161,3.819872821950546,-1.6782082255826154,9
989,5.937591820885521,6.32221929473392,0.3846274738483997,9
990,5.851176599314497,5.737272176535544,-0.11390442277895296,9
991,5.714939211026456,3.886490725172482,-1.8284484858539742,9
992,4.988526310429837,5.797267540830717,0.8087412304008801,9
993,5.789596177799098,5.371067862271736,-0.4185283155273618,9
994,5.629783390594476,5.647715410691554,0.017932020097078727,9
995,5.549513187296432,4.872738827472669,-0.6767743598237628,9
996,5.886200390951671,7.332438459915605,1.4462380689639343,9
997,4.098007560536924,3.096910013008056,-1.0010975475288686,9
998,6.033306047592762,5.146128035678238,-0.8871780119145241,9
999,5.894823141749157,7.4271224218663345,1.5322992801171775,9
1000,5.7366635490755025,5.0,-0.7366635490755025,9
1001,6.15447715361421,7.860936620700094,1.7064594670858835,9
1002,5.65147483903813,5.174931593528442,-0.47654324550968763,9
1003,6.591945896100785,8.09642333059527,1.5044774344944853,9
1004,5.92835411040278,6.021189299069938,0.09283518866715834,9
1005,5.2066416167340765,5.729326809646861,0.5226851929127845,9
1006,5.446181866081349,5.346352974450639,-0.09982889163071018,9
1007,5.796385662849415,5.149527013754348,-0.6468586490950674,9
1008,5.270134695146598,5.2552725051033065,-0.014862190043291257,9
1009,5.894221970590582,6.176091259055681,0.2818692884650993,9
1010,5.195044249683649,5.301029995663981,0.10598574598033217,9
1011,2.975841288707207,2.6989700043360187,-0.27687128437118824,9
1012,2.029509481773562,3.0791812460476247,1.0496717642740627,9
1013,3.9003192540486875,2.615529223637133,-1.2847900304115547,9
1014,4.209437133544593,2.650501794878367,-1.5589353386662257,9
1015,3.672499361054985,2.630427875025024,-1.0420714860299611,9
1016,3.901630382505146,3.556302500767288,-0.345327881737858,9
1017,2.975841288707207,2.9912260756924947,0.015384786985287668,9
1018,3.3978355615866387,2.9474337218870508,-0.4504018396995879,9
1019,3.3049498438178304,3.4885507165004443,0.18360087268261394,9
1020,3.7105799337643215,3.510545010206612,-0.20003492355770947,9
1021,3.7269365298887065,2.419955748489758,-1.3069807813989485,9
1022,5.661420814054049,6.004321373782642,0.34290055972859346,9
1023,5.540050784883191,6.176091259055681,0.6360404741724901,9
1024,5.105819573800082,5.008600171761918,-0.0972194020381636,9
1025,5.979486535814305,5.819543935541868,-0.15994260027243623,9
1026,5.724662068872005,5.600972895686748,-0.12368917318525696,9
1027,5.9185151512384975,6.4623979978989565,0.543882846660459,9
1028,3.3481074064859633,2.886490725172482,-0.46161668131348144,9
1029,6.238403355472494,6.3979400086720375,0.15953665319954347,9
1030,6.172562009490518,6.3979400086720375,0.22537799918151968,9
1031,6.21225707457712,6.246498580795801,0.03424150621868094,9
1032,5.965272980339923,5.286613631657004,-0.6786593486829187,9
1033,5.9080438381447,6.079181246047625,0.17113740790292553,9
1034,5.533698129231828,5.698970004336019,0.1652718751041906,9
1035,5.843355231507024,5.704150516839799,-0.13920471466722528,9
1036,5.46010795862668,5.260071387985075,-0.20003657064160496,9
1037,5.956252336251937,5.738066714777469,-0.21818562147446752,9
1038,6.021835896198052,6.146128035678238,0.12429213948018614,9
1039,5.082542037682861,4.477121254719663,-0.6054207829631988,9
1040,5.940763620437328,6.278753600952829,0.3379899805155011,9
1041,6.351897785782879,6.365487984890899,0.013590199108020506,9
1042,6.247003434704529,6.447158031342219,0.20015459663769075,9
1043,6.031657866905011,6.0,-0.031657866905010934,9
1044,5.939284727141361,6.3979400086720375,0.45865528153067636,9
1045,4.947255971785709,5.938919812244772,0.9916638404590632,9
1046,5.79970452022954,5.954242509439325,0.15453798920978556,9
1047,5.577074729986062,6.6020599913279625,1.0249852613419002,9
1048,6.771796395373511,6.972202838379064,0.20040644300555321,9
1049,6.100707775532674,6.301029995663981,0.20032222013130685,9
1050,6.236476838720568,6.248267603534647,0.011790764814079147,9
1051,6.183106769268786,6.380211241711606,0.19710447244282037,9
1052,6.122215518053061,6.32221929473392,0.20000377668085978,9
1053,6.420407474798326,6.380211241711606,-0.0401962330867196,9
1054,6.1977509291075235,6.380211241711606,0.1824603126040829,9
1055,6.237496351595678,6.32221929473392,0.08472294313824236,9
1056,5.9738074964748735,6.017033339298781,0.04322584282390718,9
1057,6.247003434704529,6.197831693328903,-0.04917174137562608,9
1058,6.033989051384732,6.171480722621874,0.13749167123714212,9
1059,6.51972699898454,7.105510184769974,0.5857831857854343,9
1060,5.619591233212845,5.419955748489758,-0.19963548472308723,9
1061,6.132806695383304,6.332438459915605,0.1996317645323007,9
1062,5.87916260899594,6.079181246047625,0.2000186370516852,9
1063,5.939284727141361,5.124830149413859,-0.8144545777275018,9
1064,6.12974915964616,6.174931593528442,0.0451824338822826,9
1065,6.523436988889213,5.886490725172482,-0.6369462637167311,9
1066,5.3183511753106885,5.725911632295048,0.40756045698435983,9
1067,6.468443843167783,5.413132050434872,-1.055311792732911,9
1068,7.044091494859539,7.292256071356476,0.24816457649693735,9
1069,6.499140318172126,6.698970004336019,0.19982968616389307,9
1070,6.4482165325152865,7.519827993775719,1.0716114612604324,9
1071,7.117482811765865,7.188037055006895,0.07055424324102955,9
1072,7.088338443163439,8.071882007306126,0.9835435641426873,9
1073,5.781977231745506,5.982271233039568,0.20029400129406216,9
1074,6.772914224957617,6.973127853599698,0.20021362864208125,9
1075,6.27790070158037,6.077731179652392,-0.200169521927978,9
1076,6.98010410551965,7.294466226161593,0.3143621206419436,9
1077,6.698381368079913,7.333648756514701,0.6352673884347881,9
1078,6.7351518867640445,7.793755472155577,1.0586035853915323,9
1079,6.557359598408392,6.087071205906535,-0.47028839250185683,9
1080,6.7351518867640445,6.0,-0.7351518867640445,9
1081,6.608473938139625,6.544068044350276,-0.06440589378934902,9
1082,7.283848651889195,7.845098040014257,0.561249388125062,9
1083,6.199652554419702,7.301029995663981,1.1013774412442796,9
1084,5.7613279095815875,6.975431808509263,1.2141038989276751,9
1085,6.4846235313669816,6.184691430817598,-0.29993210054938313,9
1086,6.081149397400225,6.281033367247727,0.19988396984750256,9
1087,6.591945896100785,7.735997884091794,1.1440519879910092,9
1088,6.246969290472189,5.301029995663981,-0.9459392948082082,9
1089,6.7950256195715495,7.665017825412472,0.8699922058409228,9
1090,6.561645971143157,6.361727836017593,-0.19991813512556433,9
1091,6.677915366735756,6.886490725172482,0.20857535843672625,9
1092,6.569392621904631,7.477121254719663,0.907728632815032,9
1093,5.909750165761001,6.079181246047625,0.1694310802866239,9
1094,6.544538074228103,6.744918542441353,0.2003804682132504,9
1095,6.7351518867640445,5.2455126678141495,-1.489639218949895,9
1096,6.842654901352526,7.174234304941022,0.3315794035884956,9
1097,6.265569567927373,6.047140468477217,-0.2184290994501561,9
1098,5.97959230532465,5.628388930050312,-0.35120337527433865,9
1099,6.2157868436964785,7.204119982655925,0.9883331389594465,9
1100,6.70073878203747,6.900312496983727,0.19957371494625686,9
1101,5.799977586276483,6.0,0.20002241372351737,9
1102,4.882475899742062,4.041392685158225,-0.8410832145838363,9
1103,6.12974915964616,5.352240420182231,-0.7775087394639284,9
1104,6.199652554419702,6.0,-0.19965255441970164,9
1105,6.265569567927373,6.3807537708039,0.11518420287652731,9
1106,5.876682434280746,6.07700432679335,0.20032189251260402,9
1107,6.04713398332861,6.252124552505644,0.20499056917703395,9
1108,6.085199709656936,5.913018683747961,-0.17218102590897555,9
1109,5.916497354831087,5.742725131304698,-0.173772223526389,9
1110,5.604363525611333,4.845098040014257,-0.7592654855970764,9
1111,6.057406250986423,5.857030798272624,-0.20037545271379908,9
1112,5.857901007671413,6.078094150406411,0.22019314273499813,9
1113,6.182415383657947,6.382233234970556,0.1998178513126092,9
1114,5.969238683091424,6.093421685162235,0.12418300207081057,9
1115,5.94698542393842,5.78625439578978,-0.16073102814864004,9
1116,5.7637506450267795,5.963787827345556,0.2000371823187761,9
1117,5.8856713211176315,6.093421685162235,0.20775036404460323,9
1118,5.383990177666902,5.123851640967086,-0.26013853669981657,9
1119,6.33001298333508,6.176091259055681,-0.15392172427939865,9
1120,5.327838183472997,3.3010299956639813,-2.0268081878090154,9
1121,6.192962345456457,6.392978186542541,0.20001584108608395,9
1122,6.42782444041492,6.463445031770428,0.035620591355508324,9
1123,5.9778516979524285,6.544068044350276,0.5662163463978471,9
1124,6.38710146591882,6.75427186868346,0.3671704027646401,9
1125,6.234386038008286,6.152288344383057,-0.08209769362522934,9
1126,5.7731437665112955,6.079181246047625,0.30603747953632965,9
1127,6.119726558796252,6.544068044350276,0.42434148555402373,9
1128,6.111397160836146,5.850033257689769,-0.2613639031463775,9
1129,6.112682170086782,5.187520720836463,-0.9251614492503197,9
1130,6.51972699898454,6.432327792261604,-0.0873992067229361,9
1131,6.491040372838834,6.776701183988411,0.28566081114957687,9
1132,5.977300832635755,5.02938377768521,-0.9479170549505449,9
1133,5.99192110260742,6.360404054729939,0.3684829521225188,9
1134,5.976098521827337,6.176091259055681,0.1999927372283441,9
1135,5.846149959438306,5.787318756624548,-0.05883120281375831,9
1136,5.672446619263694,3.89209460269048,-1.7803520165732145,9
1137,4.465365141083074,4.096910013008056,-0.3684551280750181,9
1138,4.8098473954172976,3.404833716619938,-1.4050136787973595,9
1139,5.616427496534229,5.816506437046357,0.20007894051212816,9
1140,5.4769577243136975,4.968482948553935,-0.5084747757597627,9
1141,4.305464484572623,3.833147111912785,-0.47231737265983753,9
1142,5.75064612828177,6.146128035678238,0.3954819073964684,9
1143,4.465365141083074,4.008600171761918,-0.4567649693211564,9
1144,5.0995238666528575,4.0,-1.0995238666528575,9
1145,5.1590143646347215,4.089905111439398,-1.0691092531953235,9
1146,4.804892499441501,3.6020599913279625,-1.2028325081135387,9
1147,4.023268830721544,3.206825876031849,-0.8164429546896947,9
1148,3.892198690166377,3.589949601325708,-0.3022490888406688,9
1149,4.252388476930438,2.903089986991944,-1.3492984899384939,9
1150,4.380892477407951,4.035829825252828,-0.34506265215512233,9
1151,6.291277242511566,6.491361693834273,0.2000844513227067,9
1152,5.3411415659034756,4.833147111912785,-0.5079944539906904,9
1153,5.936417224989157,6.334453751150931,0.398036526161774,9
1154,6.592775654654756,7.708420900134713,1.115645245479957,9
1155,5.689210067022137,4.698970004336019,-0.9902400626861185,9
1156,6.122182308003145,6.32221929473392,0.2000369867307752,9
1157,5.3034110025248715,6.2812606870550125,0.977849684530141,9
1158,6.0304234932680245,6.230448921378274,0.2000254281102496,9
1159,5.8039329016415655,4.26150077319828,-1.5424321284432851,9
1160,6.532881090075372,7.077222510411053,0.5443414203356811,9
1161,6.4212655544585635,7.05865374157237,0.6373881871138067,9
1162,5.199729192177317,5.0,-0.19972919217731722,9
1163,4.436980998532837,3.709269960975831,-0.7277110375570062,9
1164,4.850992111821741,3.431363764158988,-1.4196283476627531,9
1165,4.93184278363875,5.0,0.06815721636125005,9
1166,5.879217021169625,6.079181246047625,0.19996422487800025,9
1167,4.5898532677388655,3.770852011642144,-0.8190012560967217,9
1168,6.006797784600431,6.383653821462558,0.37685603686212765,9
1169,6.357141779876842,6.281941933440825,-0.07519984643601685,9
1170,5.236611761828833,4.152288344383057,-1.084323417445776,9
1171,5.706512089528475,6.176091259055681,0.469579169527206,9
1172,5.355616912440076,4.195899652409234,-1.1597172600308419,9
1173,4.329411717844006,3.3010299956639813,-1.0283817221800247,9
1174,5.472415312301975,5.311753861055754,-0.160661451246221,9
1175,5.1590143646347215,5.041392685158225,-0.11762167947649615,9
1176,5.355616912440076,4.41161970596323,-0.9439972064768458,9
1177,5.986180820329576,4.249198357391113,-1.736982462938463,9
1178,5.713857986373997,5.17897694729317,-0.534881039080827,9
1179,5.919458607286136,6.119915410257991,0.2004568029718552,9
1180,5.49990022273895,6.0,0.5000997772610498,9
1181,4.893478549547835,3.824125833916549,-1.0693527156312856,9
1182,4.916251304443419,3.146128035678238,-1.7701232687651807,9
1183,6.036732363113307,5.380211241711606,-0.6565211214017008,9
1184,4.984700601885084,5.271841606536499,0.28714100465141446,9
1185,6.342045172455575,5.365487984890899,-0.9765571875646755,9
1186,6.521559002083114,6.778874472002739,0.2573154699196252,9
1187,6.384778154397348,5.880813592280791,-0.5039645621165567,9
1188,6.351684865992696,6.3979400086720375,0.04625514267934161,9
1189,6.17742287049605,6.377563035549853,0.20014016505380283,9
1190,6.128979590019226,4.698970004336019,-1.430009585683207,9
1191,6.035696197568133,5.949390006644912,-0.08630619092322078,9
1192,6.326817581667617,6.247924190766308,-0.07889339090130942,9
1193,5.986793364443249,7.602059991327962,1.6152666268847122,9
1194,6.007422897795735,5.553883026643875,-0.4535398711518601,9
1195,6.677915366735756,6.445311461756064,-0.2326039049796922,9
1196,5.821914649597034,5.622214022966295,-0.1997006266307393,9
1197,6.277424627961724,6.201397124320452,-0.07602750364127253,9
1198,5.492581267874448,6.176091259055681,0.683509991181233,9
1199,5.959522778281225,5.927370363039024,-0.03215241524220058,9
1200,5.883157791600054,6.079181246047625,0.1960234544475714,9
1201,6.155514709472206,6.2405492482826,0.0850345388103948,9
1202,5.9601501862209085,5.891147030448771,-0.06900315577213778,9
1203,5.721505900447898,6.0,0.2784940995521019,9
1204,6.062061928220814,5.847572659142112,-0.21448926907870192,9
1205,6.014476309360531,5.931966114728173,-0.08251019463235831,9
1206,5.713198396574023,5.146778989307833,-0.5664194072661894,9
1207,5.737319852458842,5.079181246047625,-0.6581386064112165,9
1208,5.075032451460046,5.021189299069938,-0.053843152390107285,9
1209,5.808398164905845,6.008600171761918,0.20020200685607303,9
1210,6.0132776062327995,6.220108088040055,0.2068304818072555,9
1211,6.233720834339121,6.214843848047698,-0.018876986291423314,9
1212,5.942728176749527,6.113943352306837,0.17121517555731014,9
1213,5.784198469841365,6.257051875069349,0.47285340522798425,9
1214,6.118812156340411,6.041392685158225,-0.07741947118218562,9
1215,6.402141059903562,6.6020599913279625,0.1999189314244001,9
1216,6.184254241231841,4.986771734266245,-1.1974825069655957,9
1217,6.033611939231239,6.08278537031645,0.04917343108521077,9
1218,5.877835071390202,5.181843587944773,-0.6959914834454297,9
1219,6.1468397885316355,5.687261346243506,-0.4595784422881293,9
1220,6.045447196940107,6.2455126678141495,0.20006547087404236,9
1221,5.954773388338049,6.776327733563306,0.8215543452252572,9
1222,6.094266502122062,6.056904851336473,-0.03736165078558962,9
1223,5.971147870971974,6.113943352306837,0.14279548133486308,9
1224,5.902468076718801,6.441176499941076,0.5387084232222747,9
1225,5.962944090462693,5.332438459915605,-0.6305056305470877,9
1226,6.067123135010906,5.710117365111817,-0.3570057698990894,9
1227,5.843471059862051,6.008600171761918,0.16512911189986657,9
1228,6.119003519549427,5.552668216112194,-0.5663353034372332,9
1229,5.242550397220539,5.093421685162235,-0.14912871205830402,9
1230,5.756139654857272,4.6020599913279625,-1.1540796635293091,9
1231,6.095751317206887,5.895422546039408,-0.20032877116747905,9
1232,6.300815147907426,6.100752969451338,-0.2000621784560881,9
1233,5.851176599314497,6.0,0.1488234006855027,9
1234,5.906568221335321,5.788875115775417,-0.11769310555990398,9
1235,5.714939211026456,5.193124598354461,-0.5218146126719949,9
1236,5.69321455813665,5.051923916046107,-0.6412906420905431,9
1237,6.231480594434879,6.431363764158987,0.19988316972410836,9
1238,5.79970452022954,5.599883072073688,-0.199821448155852,9
1239,5.829160084614519,5.716837723299524,-0.11232236131499462,9
1240,5.837946970979855,5.812913356642856,-0.025033614336999577,9
1241,6.48850455402587,7.929418925714293,1.4409143716884225,9
1242,6.062385950769992,5.862727528317975,-0.1996584224520177,9
1243,5.279243184124753,5.079181246047625,-0.2000619380771278,9
1244,5.273385122765957,5.278753600952829,0.005368478186872139,9
1245,5.8822342431102665,6.017033339298781,0.13479909618851416,9
1246,5.77885614936872,5.176091259055681,-0.6027648903130389,9
1247,5.616645305927269,6.079181246047625,0.4625359401203557,9
1248,6.278834039593853,6.079181246047625,-0.19965279354622822,9
1249,5.321548683860761,5.121559844187501,-0.1999888396732601,9
1250,5.5090523495298935,4.912275210498812,-0.5967771390310812,9
1251,5.713857986373997,6.218272853571447,0.5044148671974504,9
1252,5.604900896036747,5.700617195682057,0.09571629964530981,9
1253,5.9601501862209085,6.924279286061882,0.9641290998409735,9
1254,5.992042927235619,6.590507462008583,0.5984645347729645,9
1255,5.843471059862051,5.758911892397974,-0.08455916746407777,9
1256,5.875850240467612,6.079181246047625,0.20333100558001327,9
1257,5.737319852458842,6.7626785637274365,1.025358711268595,9
1258,5.879770306908187,5.342422680822207,-0.53734762608598,9
1259,5.664040049571591,6.033423755486949,0.3693837059153582,9
1260,5.485373922976427,5.518513939877887,0.03314001690146018,9
1261,5.863796522793809,7.041392685158225,1.1775961623644164,9
1262,5.399076481846365,6.066773037085025,0.6676965552386607,9
1263,5.819067999676056,5.899820502427096,0.08075250275104029,9
1264,6.4126300246683146,6.612783856719736,0.2001538320514218,9
1265,6.303875116193099,6.503790683057181,0.19991556686408174,9
1266,5.909750165761001,5.240798771117332,-0.6689513946436696,9
1267,6.005732858994588,5.968482948553935,-0.03724991044065362,9
1268,6.205977114099026,6.05307844348342,-0.15289867061560614,9
1269,5.8084031932119595,6.008600171761918,0.20019697854995844,9
1270,6.186416521089489,4.954242509439325,-1.232174011650164,9
1271,6.570425991497304,6.770115294787102,0.19968930328979795,9
1272,6.218775762358617,6.418301291319746,0.19952552896112863,9
1273,6.431357832603325,7.0220157398177205,0.5906579072143954,9
1274,2.7796305929217486,1.9242792860618816,-0.855351306859867,9
1275,5.549351331444256,6.354621218722914,0.8052698872786586,9
1276,5.376276096578091,5.856227259455358,0.479951162877267,9
1277,4.823139388619918,6.431363764158987,1.608224375539069,9
1278,4.785495392665529,3.982723387668545,-0.8027720049969838,9
1279,4.135914073294707,3.4471580313422194,-0.6887560419524874,9
1280,4.840340696816985,6.563836918664545,1.7234962218475598,9
1281,4.417361672694518,2.812913356642856,-1.6044483160516623,9
1282,4.066909633058456,3.0791812460476247,-0.9877283870108315,9
1283,5.3568458271935375,5.556302500767287,0.1994566735737493,9
1284,4.988526310429837,4.167317334748176,-0.8212089756816612,9
1285,3.3049498438178304,3.679427896612119,0.3744780527942888,9
1286,3.5525439393790528,0.6989700043360189,-2.853573935043034,9
1287,4.954871487799195,4.754883228252168,-0.19998825954702681,9
1288,4.037715072058424,2.556302500767288,-1.4814125712911355,9
1289,5.074991038276185,5.812913356642856,0.737922318366671,9
1290,5.376276096578091,5.186815124447454,-0.18946097213063684,9
1291,4.72838898258325,4.821513528404773,0.09312454582152263,9
1292,5.673248818387242,5.903089986991944,0.22984116860470216,9
1293,5.998496479600265,5.287129620719111,-0.7113668588811537,9
1294,5.573247315786747,5.773069340485962,0.1998220246992144,9
1295,5.645043449146246,5.845098040014257,0.20005459086801114,9
1296,4.705483947804613,4.505149978319906,-0.2003339694847064,9
1297,6.689527824906581,6.889301702506311,0.1997738775997293,9
1298,5.899300143771045,5.698970004336019,-0.2003301394350263,9
1299,4.282451209496024,3.845098040014257,-0.43735316948176717,9
1300,4.7256550469425065,2.505149978319906,-2.2205050686226007,9
1301,3.7460981533605335,3.4471580313422194,-0.2989401220183141,9
1302,3.580011682285115,1.7993405494535817,-1.7806711328315332,9
1303,3.7231532812835084,1.5587085705331658,-2.1644447107503426,9
1304,5.774846158009695,5.434568904034199,-0.34027725397549613,9
1305,5.433950852004439,5.926856708949693,0.4929058569452538,9
1306,5.8945371505961806,5.8750612633917,-0.019475887204480458,9
1307,6.27830565963913,6.237040791379191,-0.04126486825993858,9
1308,6.078863986899591,5.990782691803138,-0.0880812950964529,9
1309,6.246895505814526,6.447158031342219,0.20026252552769375,9
1310,6.453061821384829,6.653212513775344,0.20015069239051453,9
1311,6.232607840184347,6.2552725051033065,0.022664664918959687,9
1312,6.354960324543365,6.531478917042255,0.17651859249889057,9
1313,4.480762146853637,3.3010299956639813,-1.179732151189656,9
1314,5.501313254815427,5.301029995663981,-0.20028325915144585,9
1315,6.172568059584563,6.230448921378274,0.05788086179371099,9
1316,6.197863052002186,6.3979400086720375,0.20007695666985192,9
1317,5.575333493468026,4.346744054604849,-1.2285894388631773,9
1318,6.0735189272766,6.079181246047625,0.005662318771024744,9
1319,5.963729300703697,6.531478917042255,0.567749616338558,9
1320,5.675612105735635,4.352182518111363,-1.3234295876242719,9
1321,5.969844042493653,6.1702617153949575,0.2004176729013043,9
1322,6.092050563280234,6.531478917042255,0.43942835376202094,9
1323,6.139514092530241,6.358886204405869,0.21937211187562777,9
1324,5.717365310810116,4.314288660947498,-1.4030766498626184,9
1325,5.976025986663496,6.176091259055681,0.20006527239218563,9
1326,6.291236532542329,6.091315159697223,-0.1999213728451057,9
1327,6.10967157624577,6.286456469746983,0.17678489350121307,9
1328,6.036638844060688,6.913813852383717,0.8771750083230287,9
1329,5.633554425449707,5.433321711630784,-0.20023271381892283,9
1330,6.109421915910794,6.308991029000164,0.1995691130893702,9
1331,4.312566904613586,4.095518042323151,-0.21704886229043474,9
1332,4.900130587262574,2.6972293427597176,-2.202901244502856,9
1333,6.091807543413391,6.291391053078407,0.19958350966501648,9
1334,6.1655206773561755,6.747411807886423,0.5818911305302477,9
1335,6.412909061590478,6.491361693834273,0.0784526322437955,9
1336,6.239250315620797,6.113943352306837,-0.1253069633139603,9
1337,4.823139388619918,6.096910013008056,1.2737706243881384,9
1338,4.766233523063593,3.804820678721162,-0.9614128443424312,9
1339,5.279337693330326,5.079181246047625,-0.20015644728270132,9
1340,4.241036612449786,2.220108088040055,-2.0209285244097313,9
1341,5.536688717388969,4.850646235183066,-0.6860424822059032,9
1342,5.845196427883666,6.045322978786658,0.2001265509029917,9
1343,5.991894403272217,5.791690649020118,-0.20020375425209913,9
1344,5.355421370891624,5.155609283678915,-0.1998120872127087,9
1345,5.192609797970766,5.690196080028514,0.4975862820577479,9
1346,5.258476805538344,5.000867721531227,-0.25760908400711724,9
1347,5.789596177799098,6.041392685158225,0.25179650735912773,9
1348,5.476167207192122,5.656960182742849,0.1807929755507267,9
1349,5.536688717388969,6.355068206348851,0.8183794889598817,9
1350,6.124015062709898,6.324282455297693,0.20026739258779536,9
1351,5.744467899012322,5.944482672150168,0.20001477313784655,9
1352,6.334322751413669,6.3979400086720375,0.0636172572583682,9
1353,6.321725372502233,6.1702617153949575,-0.15146365710727583,9
1354,5.423347463590549,4.413634997198556,-1.009712466391993,9
1355,6.078363066737281,5.949390006644912,-0.12897306009236864,9
1356,6.171193220709251,6.056904851336473,-0.11428836937277786,9
1357,5.655938500688106,5.697229342759718,0.0412908420716116,9
1358,5.898840550242424,5.698970004336019,-0.19987054590640518,9
1359,6.586092876385066,6.937016107464814,0.3509232310797481,9
1360,6.56282192219508,7.531478917042255,0.9686569948471755,9
1361,6.040736163675758,6.240798771117332,0.20006260744157345,9
1362,6.213132610172018,6.012837224705172,-0.20029538546684567,9
1363,6.284695271271221,6.44870631990508,0.16401104863385907,9
1364,6.1388170443096985,6.580468783951002,0.4416517396413031,9
1365,6.224530126550668,5.778151250383644,-0.44637887616702443,9
1366,6.284695271271221,6.857332496431268,0.5726372251600473,9
1367,6.048395328749874,5.308393649976259,-0.7400016787736146,9
1368,6.076957489116573,6.277090960334402,0.20013347121782843,9
1369,6.057691002266976,5.857332496431268,-0.20035850583570802,9
1370,5.6574136604918035,5.0,-0.6574136604918035,9
1371,5.576506203907497,5.301029995663981,-0.27547620824351604,9
1372,3.8615920636699452,4.123851640967086,0.26225957729714056,9
1373,5.630979252666388,4.505149978319906,-1.125829274346482,9
1374,6.011817861440049,4.568201724066995,-1.4436161373730538,9
1375,4.2747323784178395,4.900367128656471,0.6256347502386319,9
1376,5.676845940249698,5.477121254719663,-0.1997246855300352,9
1377,5.505530147169032,6.041392685158225,0.5358625379891935,9
1378,5.446181866081349,4.486713775982485,-0.9594680900988637,9
1379,5.577074729986062,5.0,-0.5770747299860624,9
1380,5.846149959438306,6.32221929473392,0.47606933529561424,9
1381,5.444241361861351,4.685741738602264,-0.7584996232590875,9
1382,4.037715072058424,2.146128035678238,-1.8915870363801854,9
1383,4.220774264090613,1.4471580313422192,-2.7736162327483935,9
1384,4.074712196633151,4.826074802700826,0.7513626060676746,9
1385,5.756534304091618,4.247973266361806,-1.5085610377298115,9
1386,4.3516894767623455,5.0,0.6483105232376545,9
1387,5.235557262396372,5.653212513775344,0.41765525137897175,9
1388,5.97959230532465,5.653212513775344,-0.3263797915493063,9
1389,5.661121621414711,6.204119982655925,0.5429983612412137,9
1390,5.875921552863525,6.079181246047625,0.20325969318410042,9
1391,6.198110378690146,6.3979400086720375,0.1998296299818918,9
1392,5.531127574633357,5.223755453657241,-0.3073721209761153,9
1393,6.101014859319897,5.079181246047625,-1.021833613272272,9
1394,6.198110378690146,6.778151250383644,0.5800408716934982,9
1395,5.548219770619398,5.585460729508501,0.03724095888910295,9
1396,6.111868938335411,5.845098040014257,-0.26677089832115364,9
1397,5.8832600990184485,5.934498451243568,0.051238352225119854,9
1398,6.101014859319897,5.771587480881255,-0.3294273784386421,9
1399,5.799555405091638,6.653212513775344,0.8536571086837057,9
1400,5.601267903998179,5.903089986991944,0.30182208299376434,9
1401,5.875921552863525,4.927370363039024,-0.9485511898245003,9
1402,5.026238462010991,4.826074802700826,-0.20016365931016455,9
1403,5.3164051481232955,5.002166061756507,-0.3142390863667881,9
1404,6.462582432734278,6.662757831681574,0.2001753989472963,9
1405,5.083446023805912,2.6766936096248664,-2.406752414181046,9
1406,5.142542238203147,4.184691430817598,-0.9578508073855483,9
1407,5.800167742352487,6.0,0.1998322576475129,9
1408,4.669605179543234,4.469365398766434,-0.20023978077680038,9
1409,5.797090573170621,6.041392685158225,0.24430211198760432,9
1410,5.494789613707414,5.079181246047625,-0.4156083676597886,9
1411,5.750517764320623,6.491361693834273,0.74084392951365,9
1412,5.750517764320623,6.278753600952829,0.5282358366322057,9
1413,4.987418497408812,5.079181246047625,0.09176274863881329,9
1414,5.050220961394863,4.787743771646467,-0.2624771897483962,9
1415,5.422575834499792,5.575187844927661,0.15261201042786876,9
1416,5.331179672946547,4.56157836830096,-0.7696013046455867,9
1417,5.021326193434135,5.221674997070769,0.20034880363663454,9
1418,5.549513187296432,4.239049093140191,-1.3104640941562407,9
1419,5.270134695146598,3.964730921053629,-1.305403774092969,9
1420,3.7269365298887065,3.6972293427597176,-0.0297071871289889,9
1421,4.3623690686716525,5.041392685158225,0.6790236164865728,9
1422,5.552817561764082,6.0,0.4471824382359184,9
1423,6.2157868436964785,5.442479769064448,-0.7733070746320303,9
1424,6.2157868436964785,7.397940008672037,1.1821531649755581,9
1425,5.672446619263694,6.690196080028514,1.0177494607648194,9
1426,5.194474825169823,4.064457989226918,-1.1300168359429046,9
1427,5.127545477921604,3.686636269262293,-1.4409092086593112,9
1428,5.369348569809951,5.168939213835978,-0.20040935597397258,9
1429,6.046600685073193,6.079181246047625,0.032580560974432515,9
1430,4.680446388070287,5.32221929473392,0.6417729066636335,9
1431,5.095174662808945,4.895201474778894,-0.19997318803005104,9
1432,6.076957489116573,6.079181246047625,0.0022237569310519234,9
1433,5.171137331010426,5.648360010980932,0.47722267997050594,9
1434,5.168701660247009,4.473924693416158,-0.694776966830851,9
1435,5.416491627610815,4.93981866282138,-0.47667296478943477,9
1436,5.364008789602779,5.732393759822968,0.36838497022018935,9
1437,5.249068751381918,4.57978359661681,-0.6692851547651077,9
1438,6.5276680457580145,6.57978359661681,0.0521155508587956,9
1439,6.17744544020742,7.19942604159399,1.02198060138657,9
1440,6.596065301445112,6.795880017344075,0.19981471589896316,9
1441,3.9902183645325153,4.0,0.009781635467484673,9
1442,5.3896756913614245,5.532384880503846,0.1427091891424217,9
1443,6.122244202397845,6.32221929473392,0.19997509233607502,9
1444,6.085358697097354,6.176091259055681,0.09073256195832702,9
1445,5.512479604639752,5.311965660368366,-0.20051394427138636,9
1446,5.60764997640957,5.338456493604605,-0.26919348280496536,9
1447,6.147270641434508,5.489958479424835,-0.6573121620096734,9
1448,5.416457095407159,5.205096047578484,-0.2113610478286745,9
1449,5.6834116629830485,6.079181246047625,0.39576958306457666,9
1450,4.719848752552652,4.301029995663981,-0.41881875688867076,9
1451,5.949473519833754,5.491361693834273,-0.45811182599948097,9
1452,6.057923577886153,6.0,-0.05792357788615288,9
1453,5.576248868731033,5.301029995663981,-0.27521887306705217,9
1454,6.278744041378049,6.079181246047625,-0.19956279533042398,9
1455,5.9698958093818355,4.892372907398436,-1.0775229019833992,9
1456,5.074991038276185,6.491361693834273,1.4163706555580884,9
1457,3.756082122332153,3.556302500767288,-0.19977962156486484,9
1458,5.375709308785786,4.089905111439398,-1.2858041973463878,9
1459,4.2392669498034135,4.653212513775344,0.4139455639719305,9
1460,6.008433537281481,5.221022805204841,-0.7874107320766397,9
1461,5.881119466570419,5.698970004336019,-0.18214946223439998,9
1462,6.9562445345211925,7.342422680822207,0.3861781463010141,9
1463,6.133489755520152,6.176091259055681,0.04260150353552916,9
1464,6.248001712822311,6.414973347970818,0.16697163514850732,9
1465,6.777795518460227,6.977723605288848,0.19992808682862062,9
1466,5.140255502465662,4.765072201102792,-0.3751833013628696,9
1467,1.5425066055231964,1.3424226808222062,-0.20008392470099023,9
1468,4.151741906526331,2.4553017716570764,-1.6964401348692544,9
1469,4.582199236491888,5.7160033436348,1.133804107142912,9
1470,5.140255502465662,4.765072201102792,-0.3751833013628696,9
1471,5.239380269410307,5.0,-0.2393802694103071,9
1472,5.080279353153596,0.1139433523068367,-4.966336000846759,9
1473,3.6076498028206556,1.6989700043360187,-1.9086797984846369,9
1474,5.094793202280342,2.1357685145678222,-2.9590246877125197,9
1475,4.445743633605657,2.560420774091161,-1.885322859514496,9
1476,6.210322093007213,6.113943352306837,-0.09637874070037622,9
1477,6.057988111462646,6.041392685158225,-0.01659542630442079,9
1478,5.134084978974537,5.334453751150931,0.20036877217639404,9
1479,3.952005187557047,1.7442929831226763,-2.2077122044343707,9
1480,5.297527221519558,2.143014800254095,-3.154512421265463,9
1481,4.715048520512144,-0.15864053,-4.873689050512144,9
1482,3.0622870755582468,3.0293837776852097,-0.03290329787303703,9
1483,4.4384591776461555,0.0791812460476248,-4.35927793159853,9
1484,5.513128029751957,2.4771212547196626,-3.0360067750322948,9
1485,4.326860690505964,3.8750612633917,-0.45179942711426424,9
1486,2.7796305929217486,2.146128035678238,-0.6335025572435105,9
1487,5.513571186125861,5.688419822002711,0.17484863587684973,9
1488,5.276125856041646,1.3010299956639813,-3.9750958603776647,9
1489,5.67358571089424,3.9542425094393248,-1.7193432014549148,9
1490,4.286156092456781,2.6232492903979003,-1.6629068020588806,9
1491,5.235557262396372,0.0,-5.235557262396372,9
1492,4.788873973571345,4.778151250383644,-0.010722723187701177,9
1493,5.297527221519558,2.143014800254095,-3.154512421265463,9
1494,5.648087661228049,3.633468455579586,-2.0146192056484624,9
